nan
9.858873499324521950e-01
9.706639740649530834e-01
9.539195791558306992e-01
9.366144308276161956e-01
9.192473416063515756e-01
9.019553231926259462e-01
8.849535886682747821e-01
8.683923252869931719e-01
8.523110468291470454e-01
8.367783947048695881e-01
8.218809509683333570e-01
8.074681895854312064e-01
7.936143927993432046e-01
7.803395102189814025e-01
7.675941143374733766e-01
7.554304745702842272e-01
7.437917294171335625e-01
7.326294632119539907e-01
7.219797605488438297e-01
7.117899018028924774e-01
7.020138426184356906e-01
6.926860417918372370e-01
6.837559704301282570e-01
6.752247575556199477e-01
6.670333183501301333e-01
6.592068340741716881e-01
6.517053639795864495e-01
6.445299125482568670e-01
6.376631538628771967e-01
6.310601518550496003e-01
6.247396553914208450e-01
6.186862904862014956e-01
6.128728993184050511e-01
6.073013158197022587e-01
6.019577324542592089e-01
5.968077435069959469e-01
5.918703488134552382e-01
5.871346425262065072e-01
5.825907052839466305e-01
5.782172695817611174e-01
5.740196009625361251e-01
5.699897386200395433e-01
5.661203075753844516e-01
5.624044417879437985e-01
5.588357186639639762e-01
5.554081036601286048e-01
5.521159036933933617e-01
5.489537281322666162e-01
5.459164562401943588e-01
5.429738657003880808e-01
5.401742924305702465e-01
5.374865105026220835e-01
5.349061456249291080e-01
5.324381565819440443e-01
5.300698034282437243e-01
5.277979053914120255e-01
5.256182619438373171e-01
5.235446732646059642e-01
5.215580657485993088e-01
5.196635809174018350e-01
5.178492946114847673e-01
5.161279911683447352e-01
5.144818418584000685e-01
5.129145033721285163e-01
5.114177644926249933e-01
5.099886850079046186e-01
5.086382757339386051e-01
5.073509006299210533e-01
5.061298419818731631e-01
5.049681913674431977e-01
5.038749002614386630e-01
5.028363931358661443e-01
5.018555884400650591e-01
5.009260318521358002e-01
5.000561220853314559e-01
4.992336420044242162e-01
4.984613158926020082e-01
4.977332617844087426e-01
4.970572625848522774e-01
4.964261624650459503e-01
4.958347801044765135e-01
4.952897924902800453e-01
4.947849358223105898e-01
4.943154744706114156e-01
4.938873649895351159e-01
4.934950121021830505e-01
4.931338638062896518e-01
4.928095166991560694e-01
4.925169635931068712e-01
4.922579147322613813e-01
4.920249102567670896e-01
4.918199397520800487e-01
4.916442547775851657e-01
4.914939852739488857e-01
4.913700182608978784e-01
4.912689071384462314e-01
4.911912529888394219e-01
4.911339476298692830e-01
4.911121090620495511e-01
4.910934293883520985e-01
4.910927335218402412e-01
4.911073866440524571e-01
4.911373379599533462e-01
4.911801220305049287e-01
4.912355121094782451e-01
4.913025960401035119e-01
4.913786835025374944e-01
4.914629500679905671e-01
4.915541427622982518e-01
4.916508312947320269e-01
4.917521761201781305e-01
4.918574408336670589e-01
4.919659771155687755e-01
4.920772122950626271e-01
4.921906390000611586e-01
4.923058064854374805e-01
4.924223133227568772e-01
4.925398012030722805e-01
4.926579496561593330e-01
4.927764715292009545e-01
4.928951090986026240e-01
