nan
9.733871676669125783e-01
9.511743540104732331e-01
9.276065361363331485e-01
9.037312704054757395e-01
8.800316455377864555e-01
8.568964425011472708e-01
8.344413093103544288e-01
8.128021884174205791e-01
7.920563783876140018e-01
7.722002969124327487e-01
7.533301068289434133e-01
7.352315538721960753e-01
7.179930099676170574e-01
7.015630492839336485e-01
6.859192340148604350e-01
6.710033389657622527e-01
6.568136935887469718e-01
6.432888523891274746e-01
6.303767164290864367e-01
6.180733701139865532e-01
6.063250027621436278e-01
5.951124969188054115e-01
5.843813253531768837e-01
5.741270338188276812e-01
5.643086605747212881e-01
5.549111667138666437e-01
5.459111291981200154e-01
5.372683875629595818e-01
5.289807566326755195e-01
5.210287720880528717e-01
5.133852644351553085e-01
5.060423118338017723e-01
4.989837618128977192e-01
4.921948776788666047e-01
4.856605324843407123e-01
4.793551924634361083e-01
4.732845494228671290e-01
4.674361439473603275e-01
4.617996394562199902e-01
4.563653608497350578e-01
4.511242187282136218e-01
4.460815037803836924e-01
4.412156303817376668e-01
4.365199388935215863e-01
4.319867399304928579e-01
4.276153463281328060e-01
4.233944179770161576e-01
4.193308837869741401e-01
4.154067834528875625e-01
4.116245270017001023e-01
4.079685694951668551e-01
4.044360512997141055e-01
4.010349503717840491e-01
3.977503865996318555e-01
3.945822191817481284e-01
3.915217586847932751e-01
3.885737831240766993e-01
3.857277232514007004e-01
3.829828263210305339e-01
3.803314798452402945e-01
3.777785271456771121e-01
3.753140108081650661e-01
3.729378956063700845e-01
3.706499080032270577e-01
3.684421416690754625e-01
3.663141393427780668e-01
3.642591094419447839e-01
3.622832289921833482e-01
3.603794163401431438e-01
3.585414804420410939e-01
3.567750349901863127e-01
3.550736500288182995e-01
3.534378770060867536e-01
3.518631620635144786e-01
3.503440646349843535e-01
3.488848575052279077e-01
3.474800236580011248e-01
3.461306548674323302e-01
3.448318739082470996e-01
3.435843925716599578e-01
3.423838205652359190e-01
3.412306213190274273e-01
3.401207177171771123e-01
3.390543775563228390e-01
3.380277759683502636e-01
3.370409131183484397e-01
3.360903127544980773e-01
3.351769430137668815e-01
3.342974659636978596e-01
3.334488337794811463e-01
3.326311081802391656e-01
3.318412368452710037e-01
3.310764968659218876e-01
3.303360253917546063e-01
3.296172686779728078e-01
3.289174766558741747e-01
3.282345368175142442e-01
3.275663804418313396e-01
3.269100174450728091e-01
3.262672047825797006e-01
3.256352394680297468e-01
3.250131558445673030e-01
3.244001148999638429e-01
3.237953851634929880e-01
3.231983269814485138e-01
3.226083794747454658e-01
3.220250496461534717e-01
3.214479032255365132e-01
3.208765569315284449e-01
3.203106718960375687e-01
3.197499480498247060e-01
3.191941193073524197e-01
3.186429494201679091e-01
3.180962283924498313e-01
3.175537693716453669e-01
3.170154059424482029e-01
3.164809897647031245e-01
3.159503885057555750e-01
3.154234840258480776e-01
3.149001707817590812e-01
3.143803544192921295e-01
