nan
9.999916435177612639e-01
9.999415670438477344e-01
9.998038062454303043e-01
9.995254785376231910e-01
9.990525571417747663e-01
9.983338795055903825e-01
9.973248467266369044e-01
9.959905422080651549e-01
9.943079747440931593e-01
9.922214164980887041e-01
9.898538887538375075e-01
9.871713131040292799e-01
9.842548829526320819e-01
9.810253589242894368e-01
9.776724905384694964e-01
9.741288329433126503e-01
9.705026869023170022e-01
9.667893268399596618e-01
9.628979535596442485e-01
9.589997371295235773e-01
9.550137545799212146e-01
9.510458954196893133e-01
9.470877681385050373e-01
9.429976313222017126e-01
9.389711743929070042e-01
9.349973061989101941e-01
9.310009217194240572e-01
9.270696153818921426e-01
9.231946871886064221e-01
9.192372620071254108e-01
9.153691447584288987e-01
9.115798609272354192e-01
9.078602027717623812e-01
9.041543795647848381e-01
9.005228408626697600e-01
8.969578697597123673e-01
8.933563987700572362e-01
8.898401416554957422e-01
8.864002990210103627e-01
8.829818872027652699e-01
8.796384153174272580e-01
8.763632647810851717e-01
8.730604034603878238e-01
8.698382274644690382e-01
8.666877982346116172e-01
8.635600807619140395e-01
8.605009615130799761e-01
8.575026617605824297e-01
8.544841895638374263e-01
8.515358162978489132e-01
8.486489853241011572e-01
8.457834642926992386e-01
8.429752014297577922e-01
8.401433234843276310e-01
8.373757721294041723e-01
8.346642404631799961e-01
8.319700087532424515e-01
8.293265148807861253e-01
8.266603919096576769e-01
8.240497955223141657e-01
8.214533182201828598e-01
8.189058970051018571e-01
8.164003769279865041e-01
8.138758712920104443e-01
8.113965215595374536e-01
8.089281004483099835e-01
8.064985695123811915e-01
8.040488135215737575e-01
8.016393081699799694e-01
7.992386517512376498e-01
7.968719957898889872e-01
7.944855620288835407e-01
7.921338756171807383e-01
7.897889493047043352e-01
7.874208821178484419e-01
7.850883493310870653e-01
7.827608782161669110e-01
7.804619403594303950e-01
7.781433360585803261e-01
7.758285510792126694e-01
7.735421913542466221e-01
7.712351288654473169e-01
7.689542877495961770e-01
7.666766307408471315e-01
7.643785664469757712e-01
7.621056300863098265e-01
7.598340990976817366e-01
7.575431111994708200e-01
7.552545939708781297e-01
7.529876057567195247e-01
7.507025371943812919e-01
7.484187098949562911e-01
7.461535447578935276e-01
7.438718977046204772e-01
7.415905180272220898e-01
7.392922543142397274e-01
7.369955260122755814e-01
7.347154931363539809e-01
7.324202976461330339e-01
7.301250296045600496e-01
7.278149141316350157e-01
7.255058813613285418e-01
7.231815081312531479e-01
7.208592750771085633e-01
7.185221354337845145e-01
7.161877414860524649e-01
7.138682650890862957e-01
7.115364850915715245e-01
7.092053926790761187e-01
7.068622690337773573e-01
7.045199447892314115e-01
7.021662620647713959e-01
6.998136555955131177e-01
6.974504454311628576e-01
6.950884432742985286e-01
6.927045048078248612e-01
6.903110099654167220e-01
6.879214601633680815e-01
6.855231552123290939e-01
6.831284666325818655e-01
6.807106691537809784e-01
