2.033430607084038400e+01 2.788401851653801344e+01 3.299314469806769523e+01 4.308744384435766506e+01 4.592338291171397913e+01 4.958577830025807742e+01 5.215968399634043351e+01 6.022448527462509560e+01 6.398359950748891123e+01 6.904490496323526827e+01
2.339745250141617205e+01 3.205080521380145342e+01 3.787071370901268352e+01 4.925473827051514064e+01 5.242269830843368084e+01 5.649137886504158246e+01 5.933467340024770209e+01 6.817556633193986215e+01 7.230243299088074593e+01 7.791673091363259118e+01
2.691199747655752361e+01 3.682759503407476132e+01 4.345456389301199351e+01 5.629559402837340798e+01 5.983598405320510949e+01 6.435796944816010523e+01 6.750039267192953218e+01 7.719230073420916938e+01 8.171726422220120867e+01 8.793603407492591373e+01
3.093960498304781126e+01 4.229955576928747973e+01 4.984437615064333471e+01 6.432994594732387839e+01 6.828772658395344308e+01 7.331582276957510658e+01 7.679064814831333763e+01 8.741720217587059949e+01 9.237345551995606741e+01 9.925203878700396842e+01
3.555163200900646814e+01 4.856410366812116308e+01 5.715144663289741800e+01 7.349273630173217953e+01 7.791833494857942810e+01 8.351189393235713965e+01 8.735640830902683263e+01 9.901112887342661395e+01 1.044343487538086066e+02 1.120324663220029322e+02
4.083059072361133701e+01 5.572822890795013961e+01 6.550226869222039738e+01 8.393648534643499204e+01 8.888643068711003536e+01 9.511183115421539469e+01 9.936782170909297918e+01 1.121554834493655761e+02 1.180840735091803282e+02 1.264669708902811465e+02
4.686968460253572033e+01 6.391716369623349436e+01 7.503676504578604067e+01 9.583216870065488990e+01 1.013704223557379152e+02 1.083021972711056975e+02 1.130165213274949139e+02 1.270546167029845321e+02 1.335305248874897757e+02 1.427688651402732489e+02
5.376814738398433491e+01 7.327059466167806079e+01 8.591603726300863286e+01 1.093731257986518131e+02 1.155711545800148770e+02 1.232927588142280371e+02 1.285181233144315343e+02 1.439373411004951038e+02 1.510058955958738238e+02 1.611778627924629461e+02
6.164542106889796003e+01 8.394232084343680356e+01 9.832014636445654787e+01 1.247763997298228418e+02 1.317140367293523298e+02 1.403194889585441558e+02 1.461150172400019756e+02 1.630618756160159819e+02 1.707727201129576997e+02 1.819649806290182994e+02
7.063245781190055084e+01 9.611026033185007122e+01 1.124493012888016352e+02 1.422853569182846343e+02 1.500527106167527052e+02 1.596473609840432459e+02 1.660795410792773055e+02 1.847171120078480726e+02 1.931263004540175530e+02 2.054337951489614795e+02
8.087404274639895618e+01 1.099709989620465365e+02 1.285316571267514973e+02 1.621735185752488064e+02 1.708717190003276016e+02 1.815738481667718247e+02 1.887174108138712540e+02 2.092277432318302317e+02 2.183969565101835144e+02 2.319277560559327753e+02
9.253817059352188323e+01 1.257456890867222512e+02 1.468199962212277114e+02 1.847478271384579784e+02 1.944898442614110081e+02 2.064326000289967453e+02 2.143718006287496962e+02 2.369594855686662811e+02 2.469582129014987686e+02 2.618322274873348192e+02
1.058051943443941099e+02 1.436829953390237904e+02 1.675998901475193179e+02 2.103515731162695772e+02 2.212650744873120345e+02 2.345980057756563610e+02 2.434277193007646929e+02 2.683208447374785806e+02 2.792282541450925919e+02 2.955812921754649665e+02
1.208855306446650104e+02 1.640592180015633801e+02 1.911895910413063575e+02 2.393705152190885883e+02 2.515983754138835877e+02 2.664898756145344123e+02 2.763170517920501084e+02 3.037724899874787639e+02 3.156773644364035363e+02 3.336646766354674014e+02
1.380056751739066385e+02 1.871855032432459893e+02 2.179461985449529209e+02 2.722360040075178063e+02 2.859393816885722686e+02 3.025789890219949143e+02 3.135243568530376592e+02 3.438312893151154981e+02 3.568366950307515708e+02 3.766328247668216136e+02
1.574262476255132697e+02 2.134086969859114333e+02 2.482677969897726200e+02 3.094323791457424022e+02 3.247923030741519028e+02 3.433936713467943491e+02 3.555934472103368762e+02 3.890773408143801362e+02 4.033012678562831184e+02 4.251062638326849878e+02
1.794319374721052043e+02 2.431148336909598413e+02 2.826022691482328355e+02 3.515018607004479918e+02 3.687227105567238254e+02 3.895267162133592365e+02 4.031347762936892423e+02 4.401664073977731277e+02 4.557421461401507372e+02 4.797841610295438386e+02
2.043422039547630789e+02 2.767391639793095806e+02 3.214489871431940742e+02 3.990536686079574906e+02 4.183653962464022698e+02 4.416442004519041120e+02 4.568342386333478657e+02 4.978324989304962287e+02 5.149147515844967984e+02 5.414546256374238737e+02
2.325140095939430580e+02 3.147652989915420676e+02 3.653672953473146094e+02 4.527712979697996616e+02 4.744338506445646431e+02 5.004946554243717287e+02 5.174628631401214989e+02 5.629045150362635468e+02 5.816706495103330781e+02 6.110060523457769932e+02
2.643434995499414981e+02 3.577348081873081469e+02 4.149859521990983353e+02 5.134229363294214181e+02 5.377301829615116731e+02 5.669205253633551820e+02 5.858883319864620489e+02 6.363159393453641997e+02 6.569696041879492441e+02 6.894401242735514188e+02
3.002717319049227171e+02 4.062543747980446938e+02 4.710089320707967886e+02 5.818735619184138841e+02 6.091574242048507131e+02 6.418705405221672891e+02 6.630876567986711052e+02 7.191194487365235091e+02 7.418938172098886525e+02 7.778867648795425112e+02
3.407918629268460222e+02 4.610055138571470934e+02 5.342278575635909874e+02 6.590971020275630963e+02 6.897335614470644032e+02 7.264143808440537669e+02 7.501634578032986838e+02 8.125027658581733476e+02 8.376642885600285808e+02 8.776204086095947332e+02
3.864554330343178776e+02 5.227524514619094589e+02 6.055338209498750075e+02 7.461920377100184396e+02 7.806067364389306249e+02 8.217590795258483922e+02 8.483596574229100042e+02 9.178066019712487105e+02 9.456590466593761448e+02 9.900790524980375267e+02
4.378781321382813303e+02 5.923555405065712876e+02 6.859309259216407781e+02 8.443984543333867805e+02 8.830733804238911944e+02 9.292676941978975265e+02 9.590806167209672140e+02 1.036543909274472753e+03 1.067433462472933343e+03 1.116882992665159009e+03
4.957509270782151702e+02 6.707837631035404229e+02 7.765525417385173341e+02 9.551171185006364794e+02 9.985979398255068418e+02 1.050479588844788168e+03 1.083914206942059536e+03 1.170422583686508233e+03 1.204739469162989280e+03 1.259857874741838032e+03
5.608491417797059739e+02 7.591316096248493750e+02 8.786797039344658060e+02 1.079930518004227224e+03 1.128834338578445113e+03 1.187132546901487331e+03 1.224649986834013134e+03 1.321365087450794135e+03 1.359550800905160031e+03 1.421053638443661157e+03
6.340474045796682958e+02 8.586371870171105911e+02 9.937595281262458684e+02 1.220624940711363934e+03 1.275648291761026485e+03 1.341184930741014568e+03 1.383305953313586087e+03 1.491531620926469259e+03 1.534078269172606497e+03 1.602760923456606406e+03
7.163338694599563041e+02 9.707013751400266983e+02 1.123429488281810563e+03 1.379211799310351580e+03 1.441138167097150017e+03 1.514835754338395418e+03 1.562142100415837149e+03 1.683332140407369025e+03 1.730783622632705828e+03 1.807516664266315956e+03
8.088272247100503591e+02 1.096909382762772339e+03 1.269537516096887202e+03 1.557947130176934934e+03 1.627652250978168468e+03 1.710538729242769932e+03 1.763678011258234847e+03 1.899431441346117708e+03 1.952376088439684054e+03 2.038089943929321407e+03
9.127957674601660756e+02 1.239056265874462042e+03 1.434165198258789133e+03 1.759342649240768651e+03 1.837796655008968628e+03 1.931004823974880992e+03 1.990687099700314775e+03 2.142729471557581292e+03 2.201785477316160268e+03 2.297438049769952158e+03
1.029682030363979720e+03 1.399168929013168054e+03 1.619645888866043833e+03 1.986166767797496504e+03 2.074428611211632415e+03 2.179186090689849152e+03 2.246172677865053629e+03 2.416315913886133785e+03 2.482103501761750977e+03 2.588624567918426692e+03
1.161126799946920528e+03 1.579530043666082747e+03 1.828578221514788993e+03 2.241426573782391188e+03 2.340629330106446560e+03 2.458235326061849264e+03 2.533322043171428504e+03 2.723385415804709282e+03 2.796483204655558893e+03 2.914691961529758828e+03
1.308996569129219779e+03 1.782698649535403320e+03 2.063830903163551739e+03 2.528329171333940394e+03 2.639651491538973005e+03 2.771434728911650836e+03 2.855419152229534120e+03 3.067119543152128244e+03 3.148001755921086897e+03 3.278497483955015468e+03
1.475414146660372808e+03 2.011526299374556174e+03 2.328534899710465197e+03 2.850217888422912893e+03 2.974839223674644472e+03 3.122097034827425432e+03 3.215732328728652192e+03 3.450531385750727168e+03 3.539492008245500074e+03 3.682525052471634353e+03
1.662790497796905356e+03 2.269164090095338906e+03 2.626061551968537060e+03 3.210485588367054334e+03 3.349524686913025107e+03 3.513440790301106063e+03 3.617378031992452179e+03 3.876301116482406087e+03 3.973364835915505410e+03 4.128702042580529451e+03
1.873854993517393950e+03 2.559064960498276832e+03 2.959986117711310726e+03 3.612471211497790591e+03 3.766910030785161780e+03 3.948456883432355426e+03 4.063177545033910064e+03 4.346612158292827189e+03 4.451449662209793132e+03 4.618254231687301399e+03
2.111692075207538437e+03 2.884968980253539030e+03 3.334035039866010266e+03 4.059350113165395214e+03 4.229947756780620693e+03 4.429780349161571394e+03 4.555525628944496020e+03 4.863031011496594147e+03 4.974881390115050635e+03 5.151624287897810063e+03
2.379768850774942166e+03 3.250880814105622903e+03 3.752022929344881959e+03 4.554032035803661529e+03 4.741236851547159858e+03 4.959589098278589518e+03 5.096293867910701010e+03 5.426436994573294214e+03 5.544055009714645166e+03 5.728475019038631217e+03
2.681966133778459607e+03 3.661031031796498610e+03 4.217781287268385313e+03 5.099079448320861957e+03 5.302948385511796914e+03 5.539543247952788079e+03 5.686784152859346250e+03 6.037025216001273293e+03 6.158657642737663082e+03 6.347773730342399176e+03
3.022602024074874862e+03 4.119826174426410944e+03 4.735085572668238456e+03 5.696658002047333866e+03 5.916791598975614761e+03 6.170775837789564321e+03 6.327735528097624410e+03 6.694379812534908524e+03 6.817770472988525398e+03 7.007944624465243578e+03
3.406446461240883309e+03 4.631786138941440186e+03 5.307586260551399391e+03 6.348523245769435562e+03 6.584023867027501183e+03 6.853933009846268760e+03 7.019388130001905665e+03 7.397596675331068582e+03 7.520022114878861430e+03 7.707059211327290541e+03
3.838726120604095740e+03 5.201473056148703108e+03 5.938749109081071765e+03 7.056042590928366735e+03 7.305497935398537265e+03 7.589253469227432106e+03 7.761582302469523711e+03 8.145440283554989037e+03 8.263763838209792084e+03 8.443035118919318847e+03
4.325112271444005273e+03 5.833411626748597882e+03 6.631804789444825474e+03 7.820244032058859375e+03 8.081736063927023679e+03 8.376670792654720572e+03 8.553878764506385778e+03 8.936502095086720146e+03 9.047241053295272650e+03 9.213814096540607352e+03
4.871686381276479551e+03 6.532006348036540658e+03 7.389712687359364281e+03 8.641877459178869685e+03 8.913011930743694393e+03 9.215916647792615549e+03 9.395672145785698376e+03 9.769338361679738227e+03 9.868734699907890899e+03 1.001750062697527210e+04
5.484881081231973440e+03 7.301456093511158542e+03 8.215130251575435977e+03 9.521472747641135356e+03 9.799422057806188604e+03 1.010660486302839308e+04 1.028628298034206637e+04 1.064256489391582727e+04 1.072665744430105042e+04 1.085245287247537999e+04
6.171389101420650150e+03 8.145665773983717372e+03 9.110385464812010468e+03 1.045937356527528391e+04 1.074092570013904515e+04 1.104827258391454961e+04 1.122499593707942768e+04 1.155489826070897834e+04 1.161959609878821357e+04 1.171732151274099124e+04
6.938038115352027489e+03 9.068155618422126281e+03 1.007743907543446221e+04 1.145572884425085249e+04 1.173733281527824147e+04 1.204036329377679431e+04 1.221104078288798883e+04 1.250513636607094486e+04 1.254629974962939559e+04 1.261104450087145779e+04
7.791629869933914961e+03 1.007196190142525302e+04 1.111782247965595525e+04 1.251041920981620024e+04 1.278822118729655449e+04 1.308213335165943136e+04 1.324349481823547285e+04 1.349207739565597694e+04 1.350561617653880967e+04 1.353280823607275488e+04
8.738742558599204131e+03 1.115951778215387094e+04 1.223252982043203883e+04 1.362289542571596758e+04 1.389276059941990752e+04 1.417246759719775037e+04 1.432110010878304092e+04 1.451438199380533842e+04 1.449639015575124540e+04 1.448198225810557415e+04
9.785498097178971875e+03 1.233249491077425591e+04 1.342183780983598626e+04 1.479190259055874412e+04 1.504942501207963323e+04 1.530959218145065461e+04 1.544198940219248288e+04 1.557039301298280407e+04 1.551733393740902829e+04 1.545804679349448452e+04
