2.707217854484504915e+00 3.049004980452473479e+00 3.257619600060880138e+00 3.634362318726084062e+00 3.743565828062668910e+00 3.886639390804171867e+00 3.990220457260205578e+00 4.492788220602465188e+00
3.134779892511142307e+00 3.546318177749322675e+00 3.793709204477673680e+00 4.275862095954346742e+00 4.413244413880612171e+00 4.593370911817556745e+00 4.749367236349471000e+00 5.353851609721258953e+00
3.623697425926199145e+00 4.116296950376482577e+00 4.425888726333682577e+00 5.026968450703218849e+00 5.204664777802515019e+00 5.446623388421575562e+00 5.623199654411467741e+00 6.388020185597113709e+00
4.193893503129861422e+00 4.775375294969865791e+00 5.147335930522300984e+00 5.898564020175739664e+00 6.128106314535218146e+00 6.437646154794862241e+00 6.657407619849888825e+00 7.621499604630233904e+00
4.835737957704262513e+00 5.542655238222945258e+00 6.002826547662849954e+00 6.922277609664873488e+00 7.207686212913940516e+00 7.609584512726753402e+00 7.905848114086173162e+00 9.098849205671735163e+00
5.584393699721641902e+00 6.428878716182685693e+00 6.965093049387300894e+00 8.110361444972371103e+00 8.475691489694282765e+00 8.970947066638956358e+00 9.349684278105096169e+00 1.085186298614472555e+01
6.435371268112010767e+00 7.435341130598183135e+00 8.095159645613943411e+00 9.507137918828787448e+00 9.951289799249844137e+00 1.058212708217769737e+01 1.107079974965906466e+01 1.294326646942672099e+01
7.419986994052350404e+00 8.618526504803396548e+00 9.397179103617501639e+00 1.111323938567706016e+01 1.167921726883443334e+01 1.246345825162575061e+01 1.304530030122582041e+01 1.542275356123227681e+01
8.548450091465010559e+00 9.950092289672978652e+00 1.089936269751317077e+01 1.299135983821932250e+01 1.368507612505843518e+01 1.466803578152352650e+01 1.540947864820632773e+01 1.836360646133354990e+01
9.828812728475815774e+00 1.149640072768525023e+01 1.263490903751930361e+01 1.518570676795625474e+01 1.602511591284553205e+01 1.724081354588802384e+01 1.818657806612227645e+01 2.184656803912682221e+01
1.131186341061487433e+01 1.328785301990230749e+01 1.464980187345750906e+01 1.771060350324624721e+01 1.875610234136033228e+01 2.025007100828069184e+01 2.140028066762149095e+01 2.595586056711539413e+01
1.300196191724591444e+01 1.533178587598548681e+01 1.693744717489293805e+01 2.063679357601501962e+01 2.191977682737250888e+01 2.376358524833648289e+01 2.519868364444592501e+01 3.079935881455247682e+01
1.495038437753107985e+01 1.769215566972341946e+01 1.957251503544799931e+01 2.404775415817013595e+01 2.560509744796244291e+01 2.784942764401660042e+01 2.961605869340746366e+01 3.648631745184444952e+01
1.715474096492796363e+01 2.037320812802482806e+01 2.262756254404137835e+01 2.797564513415751009e+01 2.985919547606525981e+01 3.261502144199577202e+01 3.477868364706224469e+01 4.315858642994091099e+01
1.969478559055998801e+01 2.347382527469774871e+01 2.612230811153228771e+01 3.253905210697934081e+01 3.481120487419381959e+01 3.813602968928217507e+01 4.079127781261867369e+01 5.097020976272967374e+01
2.257357578324402780e+01 2.700568572911125287e+01 3.016151747871164801e+01 3.779717702686684788e+01 4.050844075656335264e+01 4.455946830526235658e+01 4.777792911884242244e+01 6.008979464275139293e+01
2.587728171368700814e+01 3.107089319540174444e+01 3.480308281675048931e+01 4.386138750718939860e+01 4.712318864499764715e+01 5.197259500076317806e+01 5.589659509599454168e+01 7.069831713439441501e+01
2.962299929664013831e+01 3.567941024583678455e+01 4.007631594678507980e+01 5.085645619916352445e+01 5.474741306315959122e+01 6.058493071226864402e+01 6.529494764985865629e+01 8.302312751600005925e+01
3.391673059268341461e+01 4.098734269392188878e+01 4.614977931246730236e+01 5.888517362967927937e+01 6.351949155131330826e+01 7.050999035741419618e+01 7.617502231733990925e+01 9.732569807817220919e+01
3.879118246782667256e+01 4.706517860264268904e+01 5.311201315906391329e+01 6.812333055130575588e+01 7.364314185857800510e+01 8.196278747917139640e+01 8.871150729050995665e+01 1.138571914440926918e+02
4.437640961256709460e+01 5.395181090751775344e+01 6.102176613630334145e+01 7.874568843311718069e+01 8.525688801708157882e+01 9.513257067477110240e+01 1.031445246175106973e+02 1.329391888107751925e+02
5.070982718463359618e+01 6.186315911098758136e+01 7.011011777224258879e+01 9.090800724405492872e+01 9.860121241246973511e+01 1.102469732954643291e+02 1.197712132561086378e+02 1.549181055984759610e+02
5.794739133376398854e+01 7.086381410491384258e+01 8.048641479124427178e+01 1.048172110931228644e+02 1.138802104003899842e+02 1.276114897915765454e+02 1.388501625300278590e+02 1.801544216879219960e+02
6.611961719884027389e+01 8.111815222002216785e+01 9.231434447027052670e+01 1.207539185096215419e+02 1.313476831740003092e+02 1.474864883567727247e+02 1.606657001814211583e+02 2.090430644830789504e+02
7.546277566380237545e+01 9.280744953009720177e+01 1.057830495500736561e+02 1.389285064461291199e+02 1.513125796716521734e+02 1.701830886743470614e+02 1.856296700227371730e+02 2.421115358914689182e+02
8.606510350766342299e+01 1.060771621320834015e+02 1.211195465137194134e+02 1.596207021192225568e+02 1.740806143822753711e+02 1.960945454805956842e+02 2.140987144704338903e+02 2.797917803458875028e+02
9.811207568436203985e+01 1.211957220178815362e+02 1.385524870029623798e+02 1.832723733414397032e+02 2.000287097496624256e+02 2.256052728891598349e+02 2.465324816718151624e+02 3.226713337760809281e+02
1.117781547943903320e+02 1.383393823399143798e+02 1.584398234914514774e+02 2.100951336133906011e+02 2.295229054817079088e+02 2.591522545484713760e+02 2.834322904629572122e+02 3.715493287396365645e+02
1.272991610598362939e+02 1.578397042724259904e+02 1.809513164858502137e+02 2.405807134215224892e+02 2.630195297814178730e+02 2.972634644874594869e+02 3.252430392547429960e+02 4.267668130641795301e+02
1.448817314698379448e+02 1.799357246610075549e+02 2.064985059951512198e+02 2.751033901576094536e+02 3.009632698145391032e+02 3.404531370071771903e+02 3.726372666015967070e+02 4.894695701506261116e+02
1.647939446610062078e+02 2.049708929779969537e+02 2.354429567287172915e+02 3.142902747262328944e+02 3.440111472146339793e+02 3.893512514575029968e+02 4.264280790602373941e+02 5.602088512189756102e+02
1.873734196928004678e+02 2.333088574056816924e+02 2.682342830041183674e+02 3.586388575687798266e+02 3.926890853179008900e+02 4.447066216047446687e+02 4.871489831573417746e+02 6.403326870918365330e+02
2.129021351559738946e+02 2.653995274997463980e+02 3.053168807599527099e+02 4.087604804886747161e+02 4.477111034947196799e+02 5.072263016817300354e+02 5.557369081367075978e+02 7.307122300697423043e+02
2.418110812685939948e+02 3.016961643760182028e+02 3.472610404267966828e+02 4.653828714307414884e+02 5.099231544491353247e+02 5.777885324440150043e+02 6.332017205958474051e+02 8.326836108399847944e+02
2.744677526500707927e+02 3.427013200174205849e+02 3.946175016201942753e+02 5.293314638420350775e+02 5.800813127817111763e+02 6.575198252217003301e+02 7.206038669184720220e+02 9.477369645890254333e+02
3.113965212992720808e+02 3.890061133873813333e+02 4.481469271316586287e+02 6.014983314739617981e+02 6.592929039679612515e+02 7.473886921697127264e+02 8.191820010821023743e+02 1.077442400043285943e+03
3.531270535101688210e+02 4.413283519473455954e+02 5.085023108533792424e+02 6.828854413190175592e+02 7.486050645374056103e+02 8.487737643446981792e+02 9.302954618893354564e+02 1.223569921127844509e+03
4.002497818443472966e+02 5.003218715308046853e+02 5.765885949723375461e+02 7.746491695289474819e+02 8.492551643799259864e+02 9.630920579610386767e+02 1.055552870809718797e+03 1.388449890969793387e+03
4.534254884598050239e+02 5.669074555955685355e+02 6.533982107492057594e+02 8.781217250370494867e+02 9.628883747319737267e+02 1.091858306304791085e+03 1.196796458726575793e+03 1.574282865875111611e+03
5.134593033029605067e+02 6.419712945295914324e+02 7.400200886911301268e+02 9.948200705982228556e+02 1.090896978365828318e+03 1.237158623763299829e+03 1.356128249319740235e+03 1.783893204422448207e+03
5.811587516194456384e+02 7.266334616528723700e+02 8.376654062727742485e+02 1.126344082084894126e+03 1.235256930085581644e+03 1.401038123187418933e+03 1.535784198244243498e+03 2.020162483970255380e+03
6.575287391791384835e+02 8.220354539156840019e+02 9.477198865374560910e+02 1.274689909027488966e+03 1.397995289578388565e+03 1.585818667554241074e+03 1.738389831401413630e+03 2.286928322469897921e+03
7.436359017130137090e+02 9.296435068941814279e+02 1.071797103087467804e+03 1.441918463908548574e+03 1.581654447040408741e+03 1.794168397533817597e+03 1.966934809500385882e+03 2.587838057792324435e+03
8.406966538720781728e+02 1.050936114615527458e+03 1.211658954150529780e+03 1.630606673536062999e+03 1.788692578442490458e+03 2.029348471196509763e+03 2.224836288993299604e+03 2.927498668432021987e+03
9.500832327855758876e+02 1.187640374381355969e+03 1.369383517726578020e+03 1.843292160874402953e+03 2.022220262612809847e+03 2.294762595949520346e+03 2.515914172958677682e+03 3.310867450410704805e+03
1.073419024545716184e+03 1.341679524401355138e+03 1.547194718006014000e+03 2.083405686601039633e+03 2.285802403257257083e+03 2.594126803541513254e+03 2.844463774933122295e+03 3.743783325459375192e+03
1.212451684532443778e+03 1.515370457712265761e+03 1.747669905738139505e+03 2.354123012707588259e+03 2.583290748098045242e+03 2.932154675062464776e+03 3.215275895147149640e+03 4.232596487070572948e+03
1.369137699254635891e+03 1.711197517809769806e+03 1.973704832292679839e+03 2.659686250225633557e+03 2.918884552263517435e+03 3.313739456616272946e+03 3.634000356835916591e+03 4.784686915255239910e+03
1.545739294249176965e+03 1.931987386957417812e+03 2.228689532163894910e+03 3.004456096822327709e+03 3.297768827089026217e+03 3.744465852455060030e+03 4.106695801089779707e+03 5.407952875833861981e+03
1.744822465104843332e+03 2.180959400661196014e+03 2.516256610389480556e+03 3.393617513379861066e+03 3.725360029803890484e+03 4.230783378137918589e+03 4.640550724608320706e+03 6.111467608432393718e+03
