3.656796304333272576e+07 4.742940416955886036e+07 5.507376917222180963e+07 7.208519568633100390e+07 7.729042698746950924e+07 8.402920370716926455e+07 8.856939120598644018e+07 9.979010529192423820e+07 1.033968591819911748e+08 1.099548279338972569e+08
4.153080085467330366e+07 5.424651428554334491e+07 6.325530992304763943e+07 8.346434768381756544e+07 8.969329689281016588e+07 9.779989037764467299e+07 1.032979677517102808e+08 1.170956251848176867e+08 1.215772636963698268e+08 1.294882533319544196e+08
4.715800212168401480e+07 6.203832510354072601e+07 7.265158825700852275e+07 9.663101811020608246e+07 1.040729019844678938e+08 1.138066011559396237e+08 1.204489698979585916e+08 1.373626469102982283e+08 1.429220768610386550e+08 1.524756563708833754e+08
5.354571167028446496e+07 7.094794721437190473e+07 8.344335674310907722e+07 1.118689392697241753e+08 1.207476582685336918e+08 1.324146647785438597e+08 1.404221361871272326e+08 1.610945134442778230e+08 1.679772260919670761e+08 1.795247891933547556e+08
6.079801581524639577e+07 8.113814133286952972e+07 9.584267247468242049e+07 1.295092446697232276e+08 1.400888983018716872e+08 1.540506541505988538e+08 1.636845964382016063e+08 1.888809410397267938e+08 1.973846512946290672e+08 2.113516713011052310e+08
6.903058996192075312e+07 9.280293072942040861e+07 1.100934944487142265e+08 1.499371150100700557e+08 1.625292557555275559e+08 1.792129816788151562e+08 1.907826853954175413e+08 2.214132565172607005e+08 2.318982593482913673e+08 2.487978023971891105e+08
7.837568135598322749e+07 1.061566274221075475e+08 1.264841969795830101e+08 1.736034022158701122e+08 1.885743899401078522e+08 2.084844326073846519e+08 2.223557810297640562e+08 2.595025040762053132e+08 2.724029034608885646e+08 2.928544284386370778e+08
8.900023300859676301e+07 1.214504422311076373e+08 1.453422845195981860e+08 2.010325927377943099e+08 2.188151097108853161e+08 2.425473354479280412e+08 2.591527877008351982e+08 3.041033394832214713e+08 3.199426581614645720e+08 3.446898421457511783e+08
1.010740200268032849e+08 1.389826693839742839e+08 1.670510122376401126e+08 2.328382120831907988e+08 2.539433215723912120e+08 2.822005904248410463e+08 3.020516226209521890e+08 3.563355455006852746e+08 3.757428920895201564e+08 4.056776405327942967e+08
1.148031400172148943e+08 1.590873881726293862e+08 1.920608408637317717e+08 2.697387970115702748e+08 2.947682600545486212e+08 3.283809459192172885e+08 3.520821478296925426e+08 4.175185569528895020e+08 4.412454205463233590e+08 4.774394195707190633e+08
1.304289167035119385e+08 1.821602570222220123e+08 2.208890568739213943e+08 3.125747927732839584e+08 3.422386368085571527e+08 3.821874092552376986e+08 4.104535753672550321e+08 4.892042553649501204e+08 5.181515940783933401e+08 5.618817516444773674e+08
1.482141955243453085e+08 2.086586493162074387e+08 2.541462368064587712e+08 3.623308278532630801e+08 3.974681896655315161e+08 4.449106774819398522e+08 4.785864023539038301e+08 5.732166708668719530e+08 6.084597911663914919e+08 6.612544248371740580e+08
1.684855370186362863e+08 2.391133990214269757e+08 2.925397384044988751e+08 4.201637080883285999e+08 4.617632201585395336e+08 5.180670365074611306e+08 5.581506875683925152e+08 6.717090456038247347e+08 7.145284032565497160e+08 7.782085695075765848e+08
1.915923463804800510e+08 2.741475249756784439e+08 3.369006817501027584e+08 4.874291674288335443e+08 5.366593370133594871e+08 6.034395447590358257e+08 6.511111406806362867e+08 7.872131593320778608e+08 8.391365020363297462e+08 9.158660636842036247e+08
2.179673870666018724e+08 3.144833144776141047e+08 3.881994651723641753e+08 5.657224305125749111e+08 6.239616618784282207e+08 7.031262249093644619e+08 7.597802557294529676e+08 9.227137515966062546e+08 9.855524597892804146e+08 1.077910027865563631e+09
2.480856674580381215e+08 3.609666504754708409e+08 4.475775816214951277e+08 6.569169659614014626e+08 7.257938094613944292e+08 8.195964047199567556e+08 8.868811548205074072e+08 1.081731133523456812e+09 1.157636284023168087e+09 1.268680676391979218e+09
2.825183589290188551e+08 4.145925602158344388e+08 5.163676786387837529e+08 7.632192170935636759e+08 8.446556082628641129e+08 9.557587514751907587e+08 1.035622145576014757e+09 1.268404062454683542e+09 1.359933955291622639e+09 1.493294318461155415e+09
3.219240014413987398e+08 4.765154707820123434e+08 5.961400728664674759e+08 8.872242574842096567e+08 9.834912449415438175e+08 1.115039299626170158e+09 1.209783791339826107e+09 1.487623381548114777e+09 1.597805158242231607e+09 1.757781562258791208e+09
3.670634358306508064e+08 5.480983308783314228e+08 6.887407210107008219e+08 1.031989931190430403e+09 1.145768275268449783e+09 1.301475960540633678e+09 1.413822624330013037e+09 1.745146883433624983e+09 1.877566152228697062e+09 2.069251352879190922e+09
4.188313286572505832e+08 6.309403140125485659e+08 7.963358645999265909e+08 1.201119061005990982e+09 1.335573606662024498e+09 1.519827320003015995e+09 1.652992172306769133e+09 2.047763467690826893e+09 2.206662664524697304e+09 2.436083564111687183e+09
4.782758866611773968e+08 7.269208057780679464e+08 9.214804127409436703e+08 1.398855618390325308e+09 1.557724024775567293e+09 1.775702850973906279e+09 1.933486905551257849e+09 2.403474842641133785e+09 2.593871527353786469e+09 2.868154433776552200e+09
5.466195062913383245e+08 8.382466731986162663e+08 1.067182019794937730e+09 1.630203284499099970e+09 1.817896287531096220e+09 2.075714603554502487e+09 2.262606133637849808e+09 2.821711437864382267e+09 3.049536570788616657e+09 3.377104496126327038e+09
6.252912552364771366e+08 9.675202695717110634e+08 1.236983990437322140e+09 1.901059924341305256e+09 2.122782790083328485e+09 2.427656311260256290e+09 2.648954719473022461e+09 3.313585812996355057e+09 3.585846304651413441e+09 3.976649290483847141e+09
7.159754161497766972e+08 1.117805571689372540e+09 1.435063621305317640e+09 2.218377628231169701e+09 2.480271490455651760e+09 2.840713137509559155e+09 3.102674485871634007e+09 3.892193607024203777e+09 4.217159310453230858e+09 4.682956370925179482e+09
8.206485807948017120e+08 1.292716752879903555e+09 1.666345472884738684e+09 2.590350857288728237e+09 2.899658753050015450e+09 3.325709271673136234e+09 3.635709080400615692e+09 4.572957911111791611e+09 4.960400455997139931e+09 5.515068824972761154e+09
9.416432879340848923e+08 1.496513399996716261e+09 1.936634356085007429e+09 3.026636727692836285e+09 3.391898816310191631e+09 3.895396834808988571e+09 4.262135633744298458e+09 5.374051741131927490e+09 5.835491183659799576e+09 6.495420470060526848e+09
1.081700898255944252e+09 1.734216557099673510e+09 2.252779561711380005e+09 3.538613202753162861e+09 3.969895349117143631e+09 4.564794427306138039e+09 4.998521422186930656e+09 6.316862417082555771e+09 6.865894529886125565e+09 7.650422161141824722e+09
1.244052201125169754e+09 2.011749956157013416e+09 2.622849710688154697e+09 4.139682123645920753e+09 4.648842833602689743e+09 5.351580746991624832e+09 5.864375847290770531e+09 7.426558825976337433e+09 8.079206550821217537e+09 9.011134167736251831e+09
1.432509760750113726e+09 2.336103700441623688e+09 3.056358641117280483e+09 4.845615840164590836e+09 5.446618682645942688e+09 6.276548564986257553e+09 6.882626646014270782e+09 8.732706368063648224e+09 9.507843160149269104e+09 1.061402003657299614e+10
1.651578935411223888e+09 2.715514421496355534e+09 3.564511473667348862e+09 5.674963126032464981e+09 6.384234279191841125e+09 7.364119671329216003e+09 8.080195855828430176e+09 1.026997911873167419e+10 1.118979275713753891e+10 1.250175878161914825e+10
1.906572832993037701e+09 3.159694333551192284e+09 4.160500538547194481e+09 6.649500801104681015e+09 7.486342038971198082e+09 8.642919190529193878e+09 9.488624648411989212e+09 1.207889615428676224e+10 1.316939742811227798e+10 1.472405662446752357e+10
2.203765064768536568e+09 3.680085062424777031e+09 4.859840860459758759e+09 7.794743735643403053e+09 8.781790086191705704e+09 1.014639009691720009e+10 1.114470965343058968e+10 1.420658602632061958e+10 1.549813309823138237e+10 1.733840603539501190e+10
2.550566079654293060e+09 4.290154404500144482e+09 5.680751329735973358e+09 9.140488069097845078e+09 1.030420795743275452e+10 1.191342962099022865e+10 1.309117979308661079e+10 1.670745508771620750e+10 1.823526461336335754e+10 2.041064521678822327e+10
2.955720015636183262e+09 5.005736506988782883e+09 6.644586162652240753e+09 1.072137744180458832e+10 1.209259717702907944e+10 1.398898910141620445e+10 1.537729421051584625e+10 1.964373340430837250e+10 2.144829370543013763e+10 2.401520574801721954e+10
3.429538980536020279e+09 5.845431808341110229e+09 7.776309413122630119e+09 1.257745683761561775e+10 1.419187858703157234e+10 1.642459394474131775e+10 1.805931487056292343e+10 2.308569917780570602e+10 2.521304500603440475e+10 2.823487585716598129e+10
3.984196885745606899e+09 6.831030688910498619e+09 9.105000421843385696e+09 1.475466921978078270e+10 1.665333719833345985e+10 1.927868346680970001e+10 2.120075130712624359e+10 2.711153163469612885e+10 2.961323903332846069e+10 3.315990936115815353e+10
4.634019214481222153e+09 7.988019145357498169e+09 1.066439001145542908e+10 1.730523637641992188e+10 1.953489397642752457e+10 2.261669099025087357e+10 2.487227438470907593e+10 3.180654245074127197e+10 3.473940986704680634e+10 3.888639391152495575e+10
5.395886056028429031e+09 9.346099954811845779e+09 1.249338608237443542e+10 2.028784854550151062e+10 2.290110912854315186e+10 2.651074565650490570e+10 2.915117074088164902e+10 3.726177267738678741e+10 4.068706300504797363e+10 4.551377106331970978e+10
6.289642753977581978e+09 1.093976385686418915e+10 1.463656824671609497e+10 2.376758326165510941e+10 2.682282710910554123e+10 3.103889777884070206e+10 3.412022515901434708e+10 4.357178674288124847e+10 4.755400087716189575e+10 5.314156606173578644e+10
7.338591864452763557e+09 1.280886154322470284e+10 1.714459823368667221e+10 2.781544951126117325e+10 3.137635472961611557e+10 3.628374961377068329e+10 3.986595279717372894e+10 5.083163155317483521e+10 5.543683852620900726e+10 6.186539577564057922e+10
8.570060856134037971e+09 1.499916174849587440e+10 2.007448119275527954e+10 3.250745798498792267e+10 3.664206191957312012e+10 4.233040096294389343e+10 4.647605252057347107e+10 5.913301892238790894e+10 6.442677281207756805e+10 7.177247233090623474e+10
1.001601841336792374e+10 1.756282873910503006e+10 2.348958795624517822e+10 3.792309727432045746e+10 4.270230801894699097e+10 4.926362536951811981e+10 5.403607437741915894e+10 6.855974721859941101e+10 7.460477748207278442e+10 8.293683233014250183e+10
1.171375664117616081e+10 2.055876678320606995e+10 2.745934662679837418e+10 4.414309217389582062e+10 4.963857010032540131e+10 5.716419873732775879e+10 6.262522512275990295e+10 7.918251332249319458e+10 8.603639012168585205e+10 9.541460448252525330e+10
1.370662792824766731e+10 2.405270666032350159e+10 3.205842539819153595e+10 5.124631075357965851e+10 5.752767501895299530e+10 6.610432420377609253e+10 7.231132609900018311e+10 9.105324711856198120e+10 9.876634912107191467e+10 1.092396007456713562e+11
1.604477536292371368e+10 2.811690790364994812e+10 3.736526836276883698e+10 5.930565581041991425e+10 6.643700419808749390e+10 7.614207855398210144e+10 8.314485388017187500e+10 1.041991694800560760e+11 1.128132984809965820e+11 1.244194619693615875e+11
1.878582649423996353e+10 3.282929674890255737e+10 4.345972589170778656e+10 6.838278444051195526e+10 7.641854584250471497e+10 8.731484629482878113e+10 9.515216828596640015e+10 1.186167225890122986e+11 1.281647989351051178e+11 1.409326575268976135e+11
2.199544794843233871e+10 3.827177857713448334e+10 5.041952277127169800e+10 7.852144062269042969e+10 8.750165267662387085e+10 9.963165705181832886e+10 1.083278256794165955e+11 1.342655733628490906e+11 1.447728543746044617e+11 1.587264509646923828e+11
2.574760950080253601e+10 4.452741162960243988e+10 5.831521704486894989e+10 8.973919275842874146e+10 9.968434498955755615e+10 1.130643958224282379e+11 1.226260858730842896e+11 1.510629414265302429e+11 1.625502498731362000e+11 1.777159739386055298e+11
3.012435814306994629e+10 5.167604367710146332e+10 6.720324250523410034e+10 1.020173471611429291e+11 1.129230478940108185e+11 1.275379101470427094e+11 1.379517212046936951e+11 1.688785996162397156e+11 1.813679517427058411e+11 1.977846161052281494e+11
3.521478160136561584e+10 5.978792026186959839e+10 7.711652141240963745e+10 1.152888705506834717e+11 1.271207408198140717e+11 1.429192481537001953e+11 1.541505380789241943e+11 1.875311563223978577e+11 2.010541598330722046e+11 2.187858224102976685e+11
