6.983207348777468503e+07 6.183189366958057135e+07 5.564283492035817355e+07 4.083861402654340118e+07 3.608617658961763233e+07 2.973394623485112190e+07 2.536765870004807413e+07 1.316317094568879530e+07 8.921679446316791698e+06 4.867020351809161715e+06
8.379857093169450760e+07 7.448152997247886658e+07 6.727509410111038387e+07 4.984575874778407812e+07 4.423441125216890126e+07 3.671673276811798662e+07 3.144592357455544174e+07 1.673994229158765078e+07 1.146618824414200336e+07 6.294524277220470831e+06
1.004488969622745812e+08 8.965658291151417792e+07 8.118929116205298901e+07 6.074014083375014365e+07 5.411204265827305615e+07 4.522111515560676903e+07 3.905035907129693776e+07 2.116939604442043230e+07 1.466390594984596968e+07 8.100338445252648555e+06
1.203303431762110293e+08 1.077056294348946661e+08 9.781190391238772869e+07 7.385247891408070922e+07 6.606221169802254438e+07 5.557835860300010443e+07 4.798049315768962353e+07 2.667709634830539301e+07 1.863164453233090043e+07 1.039561828754764050e+07
1.439399918463423848e+08 1.293463439561518282e+08 1.178003811426927894e+08 8.969314309728512168e+07 8.053215638113270700e+07 6.809659693959064782e+07 5.953288753505533189e+07 3.343227545614450797e+07 2.356580724452248216e+07 1.323415755202011019e+07
1.720712505468588471e+08 1.551526368571842313e+08 1.417100468767292202e+08 1.087143907189576030e+08 9.795524470222359896e+07 8.328957579133416712e+07 7.287938912321031094e+07 4.169844006526979804e+07 2.959981437118786573e+07 1.676240664040863514e+07
2.056439758757951260e+08 1.859388637644823790e+08 1.702201858245697320e+08 1.315761687899446040e+08 1.189458464343595356e+08 1.016490902142728716e+08 8.907858449770432711e+07 5.190224860759631544e+07 3.710729013256613910e+07 2.116598401062165573e+07
2.454663346909477711e+08 2.226964138356861770e+08 2.042995284124382138e+08 1.591344744790008664e+08 1.441828917796604037e+08 1.238714665901923776e+08 1.095520647519893646e+08 6.433257610151479393e+07 4.636994096381966025e+07 2.660148865919878706e+07
2.928221356019130945e+08 2.663524839676251113e+08 2.450257789529158175e+08 1.921033440874852836e+08 1.746068660413805842e+08 1.505372239098315239e+08 1.335223342869465351e+08 7.941352748270034790e+07 5.759759035513358563e+07 3.331112209682479128e+07
3.491980561284703016e+08 3.184351815365406275e+08 2.934894917919102311e+08 2.315777506983978450e+08 2.110421933543080688e+08 1.826580971341344714e+08 1.623114699534935653e+08 9.775543338624864817e+07 7.132973297204594314e+07 4.140983305112269521e+07
4.160609321399129629e+08 3.803289724708010554e+08 3.513348432659162283e+08 2.788254581591404676e+08 2.547023148330898881e+08 2.211988825688699484e+08 1.970798711799938381e+08 1.199691977838735878e+08 8.808777628659065068e+07 5.139556979313619435e+07
4.953869553978642821e+08 4.540380735388942957e+08 4.201416008277978301e+08 3.353655967610604167e+08 3.069859014912009835e+08 2.674810106685929894e+08 2.390530444814028442e+08 1.468749599383858144e+08 1.085262929335937500e+08 6.363193801437329501e+07
5.895841886114951372e+08 5.414886848390792608e+08 5.021163677727009058e+08 4.029689910668892264e+08 3.695308172655246258e+08 3.229661195657740235e+08 2.893256781990705132e+08 1.793143318426187634e+08 1.332169976727830470e+08 7.852690037671999633e+07
7.013628533602128029e+08 6.455490387938854694e+08 5.994696355486299992e+08 4.835071476294755936e+08 4.442390017949661613e+08 3.893689294907788038e+08 3.496398041551243067e+08 2.186316941255959272e+08 1.629474558472639024e+08 9.666232098071035743e+07
8.337894298553563356e+08 7.690623529035263062e+08 7.153864400077773333e+08 5.796090318602319956e+08 5.333826748829903603e+08 4.685861152492811680e+08 4.216955426179544926e+08 2.656850570663956702e+08 1.991065270310747325e+08 1.183814339144674391e+08
9.907074097648845911e+08 9.156957836452536583e+08 8.528986531802277565e+08 6.940884683808432817e+08 6.396478291250017881e+08 5.635964684025090933e+08 5.078538635872159004e+08 3.222558238565756083e+08 2.424887206208167076e+08 1.449091164044239223e+08
1.177004142638891459e+09 1.089448788542982340e+09 1.016526090129987359e+09 8.303400040810520649e+08 7.663230636910117865e+08 6.759153442741206884e+08 6.105605670489666462e+08 3.902888622231917381e+08 2.947772643552839160e+08 1.767839862589060664e+08
1.397190817951800585e+09 1.295788294323970795e+09 1.210233122472079754e+09 9.924558280752829313e+08 9.172944856088083982e+08 8.110000649396786690e+08 7.336013945254697800e+08 4.715242743179004192e+08 3.574524857567337155e+08 2.151163665841383636e+08
1.658267382350036621e+09 1.540235919074383020e+09 1.440577269152033567e+09 1.184988301010581017e+09 1.096652182221391439e+09 9.711359949344795942e+08 8.796338112376155853e+08 5.689127786456959248e+08 4.326142682138882875e+08 2.611857492453257143e+08
1.967184663515671253e+09 1.829823427837675095e+09 1.713371729346197367e+09 1.413899455905956507e+09 1.309876303556962013e+09 1.162148893294517279e+09 1.053761342662840366e+09 6.849011261814846992e+08 5.225441434461537600e+08 3.166786404414166808e+08
2.332791223005265713e+09 2.172873731456411839e+09 2.036839737735274553e+09 1.685587747480623722e+09 1.562857154016106367e+09 1.389563662153960228e+09 1.260862205224617720e+09 8.239756759140577316e+08 6.300209286143491268e+08 3.825884658688169122e+08
2.765425011709933281e+09 2.579202065842145920e+09 2.419845584374316692e+09 2.007941275708643436e+09 1.863439387466061831e+09 1.658518421185965538e+09 1.506849024167543650e+09 9.887335141120486259e+08 7.582854657338027954e+08 4.618075154219079018e+08
3.277341827093803406e+09 3.060207065053363800e+09 2.874065187780978203e+09 2.390057380786558151e+09 2.220000234036347866e+09 1.978632019553827047e+09 1.798545746653436422e+09 1.185293927736779928e+09 9.112982975139229298e+08 5.564868550631457567e+08
3.882629144066945076e+09 3.628989137395484924e+09 3.410837324520282745e+09 2.842749170655550957e+09 2.642563258150907516e+09 2.358111960190781116e+09 2.145294845659452200e+09 1.419542006978624105e+09 1.093189967536396742e+09 6.685205315902760029e+08
4.598168950630639076e+09 4.301860357151793480e+09 4.046278285473335266e+09 3.378967655192988873e+09 3.143423650647766590e+09 2.807302713295917988e+09 2.556082640866389751e+09 1.697078033537825584e+09 1.310077989858524323e+09 8.026184078122394085e+08
5.443921541930081367e+09 5.098130677477297783e+09 4.798591762803736687e+09 4.014264304682252884e+09 3.736283485013995647e+09 3.340569525198237419e+09 3.043502499170415878e+09 2.026410766976197958e+09 1.566970900750006676e+09 9.623358148708015680e+08
6.443439046756080627e+09 6.038728187347232819e+09 5.687537286076438904e+09 4.765065446896693230e+09 4.438128645416990280e+09 3.970394420334696293e+09 3.619863248286246777e+09 2.417418080855901241e+09 1.872467757527861834e+09 1.150979965504304171e+09
7.624496925146193504e+09 7.150394122969992638e+09 6.738181537919399261e+09 5.653503467949673653e+09 5.267623941387905121e+09 4.717438125526069641e+09 4.301975487031462669e+09 2.880630480412013531e+09 2.234634914788767338e+09 1.375555630250574350e+09
9.019517552659828186e+09 8.463849215699409485e+09 7.980488757909730911e+09 6.704145474001297951e+09 6.249978778321857452e+09 5.600325528687646866e+09 5.109400990470262527e+09 3.429793016133558273e+09 2.663566235032817841e+09 1.641768466917628050e+09
1.066703045011933327e+10 1.001559184345980644e+10 9.447658017261457443e+09 7.945135169955974579e+09 7.410191694961872101e+09 6.644738869912682533e+09 6.064113576453128815e+09 4.078661953291496277e+09 3.171799249414563656e+09 1.957241598705703497e+09
1.261261631455037308e+10 1.184907068539460182e+10 1.118067062264317703e+10 9.412061357393854141e+09 8.781003872313686371e+09 7.877694043514238358e+09 7.192365436246364594e+09 4.847428040816288948e+09 3.774137568189157963e+09 2.332083604872936249e+09
1.490943505509447479e+10 1.401228075566537476e+10 1.322734022211143494e+10 1.114464100835782623e+10 1.040031760492723846e+10 9.335425433105842590e+09 8.526157702871214867e+09 5.756289601500599861e+09 4.485219858913576126e+09 2.773351231036019325e+09
1.762140827929182053e+10 1.656741302738090515e+10 1.564307439636503983e+10 1.319030359879351807e+10 1.231304901310244560e+10 1.105665593308685112e+10 1.010163114957792091e+10 6.830786903927343369e+09 5.326980317836566925e+09 3.296865297494855881e+09
2.082231600291471863e+10 1.958162078803963470e+10 1.849468630879204559e+10 1.560540204785726738e+10 1.457162258725680923e+10 1.309037788481403351e+10 1.196185275954534531e+10 8.100726349528378487e+09 6.322929834750961304e+09 3.916901519597836494e+09
2.459893524204513931e+10 2.314006272625332642e+10 2.186073295360505676e+10 1.845653551832867050e+10 1.723832012985737991e+10 1.549105600652899933e+10 1.415898182350272560e+10 9.601748957801296234e+09 7.501193978403854370e+09 4.649573988091021538e+09
2.905453363487016296e+10 2.733724933451527405e+10 2.583184938163875198e+10 2.182280747270958710e+10 2.038446871117926407e+10 1.832726523558546829e+10 1.675350032855205727e+10 1.137534008027595901e+10 8.891824685994180679e+09 5.516629402955864906e+09
3.431252745629784012e+10 3.228969981521812439e+10 3.051621849204652405e+10 2.579357887152156067e+10 2.409945749767146301e+10 2.167295814282594299e+10 1.981569406770388031e+10 1.346939303425743294e+10 1.053752978522500229e+10 6.542485042833128929e+09
4.051436664470320129e+10 3.813278408364463043e+10 3.604442689983971405e+10 3.048036191389855576e+10 2.848355109219493103e+10 2.562425455648563004e+10 2.343208443744307327e+10 1.594549283622294617e+10 1.248063032278020477e+10 7.756669601386339188e+09
4.783028842237067413e+10 4.502372060922796631e+10 4.256514743937878418e+10 3.600874238329741669e+10 3.365662786793852234e+10 3.028570721501855469e+10 2.769940430062265015e+10 1.887115035880928802e+10 1.477833649526640129e+10 9.190958933207830429e+09
5.645822398440496826e+10 5.315252429178213501e+10 5.025452158348807526e+10 4.253049224147327423e+10 3.976035267131787109e+10 3.578768126563082123e+10 3.273775828029734039e+10 2.232442008092405701e+10 1.749374403792887497e+10 1.088606983140811729e+10
6.663193473160759735e+10 6.273971189503636932e+10 5.932818830600360107e+10 5.022951119597463226e+10 4.696258664036007690e+10 4.228526147056742096e+10 3.868319679980105591e+10 2.640484991804322815e+10 2.070227187147010803e+10 1.289279486300791931e+10
7.863155749913694763e+10 7.404282953401634216e+10 7.002509721259686279e+10 5.930760570790380859e+10 5.546453123737573242e+10 4.994546450637245941e+10 4.570236617630881500e+10 3.122466954344474030e+10 2.449583487471294785e+10 1.526826384208612823e+10
9.277788136423196411e+10 8.737490823744502258e+10 8.264201148108709717e+10 7.002233684224400330e+10 6.548672635861157227e+10 5.899036379300967407e+10 5.398969795914984131e+10 3.691348782205837250e+10 2.897523942811647415e+10 1.807502303740915298e+10
1.094612270024724274e+11 1.030935609501249390e+11 9.752521570065084839e+10 8.266084874140014648e+10 7.732085868713926697e+10 6.966078472604592896e+10 6.376643310876456451e+10 4.364056165511961365e+10 3.427662375568598938e+10 2.139386275863414001e+10
1.291280992656631470e+11 1.216298750266650696e+11 1.150750113819203491e+11 9.757436632325262451e+10 9.128369492058044434e+10 8.226109461686557007e+10 7.531354729180027771e+10 5.158736359389322662e+10 4.053850961494422913e+10 2.532513883953344727e+10
1.523201214006951294e+11 1.434911103996298828e+11 1.357713290037453003e+11 1.151606380361584320e+11 1.077571787258197021e+11 9.712530472552035522e+10 8.893800412048751831e+10 6.097298314750485229e+10 4.793948661090625000e+10 2.997377813447791290e+10
1.796611685480192261e+11 1.692646831718675537e+11 1.601773247107273254e+11 1.359180788851950226e+11 1.271939910936582031e+11 1.146781882786332092e+11 1.050225523795151215e+11 7.206140819272172546e+10 5.668894786330746460e+10 3.547101486574179077e+10
2.118999029935455322e+11 1.996580633301869202e+11 1.889663526771364746e+11 1.604020684633221130e+11 1.501294822184284363e+11 1.353837753755213470e+11 1.240063963790001984e+11 8.515754534996354675e+10 6.702897860887562561e+10 4.197198700498577881e+10
2.499047256330047607e+11 2.355002130764306335e+11 2.229167680721132507e+11 1.892959186794538574e+11 1.771990864065260010e+11 1.598213248335055542e+11 1.464195432599834900e+11 1.006295071771283569e+11 7.924813895352264404e+10 4.966281397830453491e+10
2.947145451004042969e+11 2.777632167483764648e+11 2.629628170902877197e+11 2.233791556406029358e+11 2.091301664511491394e+11 1.886790386567953491e+11 1.728761088051184082e+11 1.189164202558417358e+11 9.369458095815074158e+10 5.876065448798788452e+10
