2.654612507218085948e-01 3.464437891534163372e-01 4.138743140413602695e-01 5.834345527497918349e-01 6.396389519195230244e-01 7.141625048653855723e-01 7.664865546055090739e-01 9.052629315489926221e-01
2.540072656352689862e-01 3.338475401701223033e-01 4.016098229359716942e-01 5.707981595390402285e-01 6.259303002563982865e-01 7.008160055001239064e-01 7.549479374310430480e-01 8.966836632035589671e-01
2.430247442951226355e-01 3.219611210418355518e-01 3.886053051644013379e-01 5.568722275270746591e-01 6.136810254764848427e-01 6.891651736708005460e-01 7.422798234132461648e-01 8.880246498154943380e-01
2.322895580676718752e-01 3.104559010027526100e-01 3.769031708999588393e-01 5.447886630558896881e-01 6.003659538253566241e-01 6.766106225555480469e-01 7.300539465304628495e-01 8.791944006761419628e-01
2.222917405658235979e-01 2.990199060699738620e-01 3.645343876103705472e-01 5.323637103416822836e-01 5.883041420266801325e-01 6.649966551626175226e-01 7.191269456989310971e-01 8.704778973417378607e-01
2.125427189304051889e-01 2.881673248499408424e-01 3.537149291886722002e-01 5.207437041778851805e-01 5.764853327647400105e-01 6.522572554570796877e-01 7.072770557660396085e-01 8.617287417541873440e-01
2.033123570025148763e-01 2.780218888349371142e-01 3.427246646655299211e-01 5.083913844278958871e-01 5.650871889308921592e-01 6.413068518017138731e-01 6.965191845865947862e-01 8.530410279262635731e-01
1.943581919201712305e-01 2.678046756216155289e-01 3.322295448690586461e-01 4.978444334875367083e-01 5.530367530589738179e-01 6.298737974134210882e-01 6.843327260100111609e-01 8.444522927061248740e-01
1.858277967203957881e-01 2.585087366651003249e-01 3.221110853266756502e-01 4.867458603818256013e-01 5.424973261166587957e-01 6.187177631281497447e-01 6.738701337097510180e-01 8.359948842320189533e-01
1.777861900979323395e-01 2.493500133671514574e-01 3.123713804888791912e-01 4.758415053867430800e-01 5.319576021826698531e-01 6.081824124473119708e-01 6.639691957681418399e-01 8.277088677937586292e-01
1.699501973211441086e-01 2.404865582783297651e-01 3.028675901934340109e-01 4.659341992122068010e-01 5.212662967328814956e-01 5.980429757472516261e-01 6.531089516797897732e-01 8.197761430470058563e-01
1.625627191088974133e-01 2.321579997308951260e-01 2.941606214469001945e-01 4.564809063475268602e-01 5.115966767256899805e-01 5.877705261330289366e-01 6.437378220667965278e-01 8.119710397893218357e-01
1.554291275375759562e-01 2.240833588984745273e-01 2.857062082323904573e-01 4.468229402726053845e-01 5.018401617669364656e-01 5.784586110070497611e-01 6.339127214352939799e-01 8.045527329687877094e-01
1.487400351613266947e-01 2.165141778018858099e-01 2.774895665780330867e-01 4.379668259988097057e-01 4.928925169084360514e-01 5.691602043526318155e-01 6.252896327115377018e-01 7.974139664138376604e-01
1.423040734871622026e-01 2.091948016562512336e-01 2.697383952823330100e-01 4.292613645360786045e-01 4.840162800250998876e-01 5.606709768990880693e-01 6.165223911726090966e-01 7.904768630433970378e-01
1.362245749131922312e-01 2.022921087384451644e-01 2.622567472799030019e-01 4.210461388119313142e-01 4.759078135741482973e-01 5.522225675698141378e-01 6.086330534951236437e-01 7.838378987919726315e-01
1.304231750794286604e-01 1.956667483290899789e-01 2.551095954398520105e-01 4.132435268247318105e-01 4.679117699733505997e-01 5.446554565472846443e-01 6.006738100187852814e-01 7.776196574302168818e-01
1.249435342726264997e-01 1.894916572706439595e-01 2.484944341026337766e-01 4.058019704570340891e-01 4.604370662234826272e-01 5.369633941810074695e-01 5.934038636766147956e-01 7.715831677450665227e-01
1.197219740491003992e-01 1.835401177670254458e-01 2.421299368737517277e-01 3.988709609521380872e-01 4.534287873204095876e-01 5.298954687651538098e-01 5.863294815491331136e-01 7.659377448740563032e-01
1.147844477399296015e-01 1.779101592757091621e-01 2.360920688101180720e-01 3.922647430684229053e-01 4.466814224658987031e-01 5.232119578026087625e-01 5.799154782510416162e-01 7.606942332385538963e-01
1.100863778260850190e-01 1.726438881432966199e-01 2.304989786977847122e-01 3.860034907180782682e-01 4.404348097334462864e-01 5.170597110510375405e-01 5.738971649391431118e-01 7.556574031165776972e-01
1.056566115112260729e-01 1.676084925075250198e-01 2.251539609501483630e-01 3.801581280509584992e-01 4.345597121223012116e-01 5.112743772179847435e-01 5.682060143670919494e-01 7.510231618657554620e-01
1.014520426305553086e-01 1.628993055902615283e-01 2.201239407542518178e-01 3.747729000123635745e-01 4.290616059287004624e-01 5.057803536149583223e-01 5.628419905189342431e-01 7.466811327757204575e-01
9.752133358721527812e-02 1.584666050537514859e-01 2.154102812704064840e-01 3.696353911105424439e-01 4.239752330978869277e-01 5.007141424420122888e-01 5.579554059088616125e-01 7.426191341292207593e-01
9.378449886021336668e-02 1.542964513244336755e-01 2.110255507354563409e-01 3.649096539516114568e-01 4.192312152099159084e-01 4.960438117627848920e-01 5.533707246045739270e-01 7.388443964860605950e-01
9.027630230798380784e-02 1.504174901384429941e-01 2.069318242286433129e-01 3.605568367693935961e-01 4.148320303798675446e-01 4.917253245770165093e-01 5.491617130354096155e-01 7.354140674464724192e-01
8.697599956842788638e-02 1.467782527916489388e-01 2.031277331614088633e-01 3.564447832801604377e-01 4.107678828545690553e-01 4.877161408816457211e-01 5.453018263802161814e-01 7.322373984517301926e-01
8.388122842513406896e-02 1.433982377989978796e-01 1.995527095212104030e-01 3.527276087526250437e-01 4.070332323534042729e-01 4.840472564042699322e-01 5.417035291061287339e-01 7.292510508096547994e-01
8.098181368524647039e-02 1.402502042349180744e-01 1.962903785306782944e-01 3.492942998097283702e-01 4.035988950239578488e-01 4.806737615558535626e-01 5.384919390424230956e-01 7.266251174363653753e-01
7.827338948912855587e-02 1.373349800468340876e-01 1.932745636427556646e-01 3.461710626230267707e-01 4.004890862591666267e-01 4.775965683121289884e-01 5.355512746278664471e-01 7.241185585900433708e-01
7.574878760251194110e-02 1.346474918948372124e-01 1.905000012574384338e-01 3.432799700941173704e-01 3.976104141643530543e-01 4.747999002704853533e-01 5.327533486936727458e-01 7.219044072191201922e-01
7.339495611216959037e-02 1.321744767885577598e-01 1.879507941876744082e-01 3.406442915913387437e-01 3.949970189920933850e-01 4.722077397018477618e-01 5.302691950766297291e-01 7.197948609434086098e-01
7.121541227941395602e-02 1.299017378802418132e-01 1.856250623370343522e-01 3.382460910686702071e-01 3.926109822121637283e-01 4.698694937776782266e-01 5.279997967172660456e-01 7.179134884207464262e-01
6.919482273356430957e-02 1.278178717222219207e-01 1.834993367380978457e-01 3.360681489360227148e-01 3.904152779500956183e-01 4.677365026222435329e-01 5.259026555231431921e-01 7.161487422372873057e-01
6.733389129203609658e-02 1.259239113811697619e-01 1.815732436798175864e-01 3.340592449448397394e-01 3.884160405408321748e-01 4.657264158448065627e-01 5.239562386497631508e-01 7.144657910730007888e-01
6.561955213466690029e-02 1.241974339665810612e-01 1.798102947685021047e-01 3.322274368305284664e-01 3.865621541682422446e-01 4.638980712916355165e-01 5.221509556788619388e-01 7.129029269032708394e-01
6.404749654309105367e-02 1.226261709709230568e-01 1.782174589552912858e-01 3.305385513289700872e-01 3.848530640430560257e-01 4.621544061182587537e-01 5.204353428753979438e-01 7.114010934802346142e-01
6.261050843873153249e-02 1.212064382515538885e-01 1.767648992276491526e-01 3.289476989672121543e-01 3.832368643867682945e-01 4.604906514938014728e-01 5.187802062110913326e-01 7.098592736293480865e-01
6.130266556786043153e-02 1.199177474270198690e-01 1.754310259243826164e-01 3.274308171207225282e-01 3.816294532594982636e-01 4.588491747791197950e-01 5.171081967067718832e-01 7.082878796215551498e-01
6.011561202078533062e-02 1.187502151479092050e-01 1.741987161371558734e-01 3.259231591061881317e-01 3.800315726557815799e-01 4.571365413648833531e-01 5.153531790171076432e-01 7.065690799364345853e-01
5.904369261998576590e-02 1.176860424069322009e-01 1.730439392447771230e-01 3.243927590217985379e-01 3.783689603438146198e-01 4.553024362850375817e-01 5.134218759527237053e-01 7.046755600765414185e-01
5.807731775320430084e-02 1.167147263962735187e-01 1.719450985963792422e-01 3.227636284356150131e-01 3.765620358497688835e-01 4.532555618021232302e-01 5.112578883086388304e-01 7.024405852048959398e-01
5.720960857345435552e-02 1.158114690927229407e-01 1.708671687999588906e-01 3.209836224802633531e-01 3.745087382165256940e-01 4.509214832373058535e-01 5.087424365665897952e-01 6.997845872711273563e-01
5.643348462206176919e-02 1.149646741168970088e-01 1.697797154394451169e-01 3.189495910451525806e-01 3.721620187479743325e-01 4.481436223046145750e-01 5.057402667536368135e-01 6.966495405326479373e-01
5.574011423872965443e-02 1.141540756639198156e-01 1.686447698043166965e-01 3.166129918113131936e-01 3.693967685270685974e-01 4.448320055268898954e-01 5.021352760298256612e-01 6.927981905074593882e-01
5.511937031946785581e-02 1.133598763794528425e-01 1.674297984126991989e-01 3.138501122199477411e-01 3.661009288163887820e-01 4.408857413170836348e-01 4.977863725415256346e-01 6.881692980974229989e-01
5.456368031279389130e-02 1.125564698052265028e-01 1.660903450683308968e-01 3.105965940464480157e-01 3.621716716876781650e-01 4.361370681782337777e-01 4.925760812325685190e-01 6.825874897064757585e-01
5.406484429031808286e-02 1.117190449148317416e-01 1.645839025159225588e-01 3.067360585684411056e-01 3.575168144544139670e-01 4.304774876285508145e-01 4.863423366002871950e-01 6.759124888741304682e-01
5.361329339658932325e-02 1.108225755299133697e-01 1.628570104150332543e-01 3.021855096052613598e-01 3.519957470530670207e-01 4.237756895562453940e-01 4.789550443422549986e-01 6.680071986359304992e-01
5.319914450745152207e-02 1.098358434125852601e-01 1.608657079665640754e-01 2.968381331165187431e-01 3.455199034106455347e-01 4.159021553970493335e-01 4.702614767397519380e-01 6.586854191372031320e-01
