6.811101806424288085e+00 9.645730901153928727e+00 1.200803043826282668e+01 1.805894477506873841e+01 2.010963580315648258e+01 2.293608946449949215e+01 2.497170834384242255e+01 3.098949279151896263e+01 3.333867088665775213e+01 3.613996780443547863e+01
7.680080893402158715e+00 1.087581722090913416e+01 1.353767065516783141e+01 2.036207731860188375e+01 2.267444022265365433e+01 2.586061442507009644e+01 2.817378699371801432e+01 3.494511962092088453e+01 3.758533923755597073e+01 4.074409771979254202e+01
8.659386225450276697e+00 1.226097257895965420e+01 1.526486309166074662e+01 2.295764328834257384e+01 2.556659878303162969e+01 2.916017718102992262e+01 3.174429212253299326e+01 3.939991555527473821e+01 4.236826783624035642e+01 4.593712896822692215e+01
9.763565469291284771e+00 1.382750913365652501e+01 1.721619453051839344e+01 2.588920504855008531e+01 2.882869279435983145e+01 3.287829755467082293e+01 3.584892143742222714e+01 4.441661465913373519e+01 4.777104158052750904e+01 5.178270521657574932e+01
1.100872695186243533e+01 1.558985080867304873e+01 1.941005883815266841e+01 2.918944943102678735e+01 3.250287573261383045e+01 3.707546662160420681e+01 4.034711439821937518e+01 5.008193455921387027e+01 5.385618252185888366e+01 5.838154128523621722e+01
1.241347274049173244e+01 1.757835206461366440e+01 2.188474038407414213e+01 3.291640954326872048e+01 3.665152144821239943e+01 4.180565494843789764e+01 4.553578180318788782e+01 5.646931988616008624e+01 6.073547494780834910e+01 6.582134122992168557e+01
1.399599007220852798e+01 1.982159625027760796e+01 2.467862968716930894e+01 3.711884829612841941e+01 4.133001844474819819e+01 4.714248717545383016e+01 5.138767748413501124e+01 6.366756449049736233e+01 6.847342758486517766e+01 7.420602974088573944e+01
1.578168407109145299e+01 2.234835275622021555e+01 2.782634149173890137e+01 4.184673590320865344e+01 4.660705559728408787e+01 5.314573535684707650e+01 5.784952493434720822e+01 7.178174945203940638e+01 7.719685682164167417e+01 8.365970995146189182e+01
1.779555676143215592e+01 2.520098952746671728e+01 3.137510854909143276e+01 4.718658929839195082e+01 5.254639730333261838e+01 5.993147365331407173e+01 6.523801326381958177e+01 8.094762882668727855e+01 8.704972330694548077e+01 9.432048914592097333e+01
2.006554341325183444e+01 2.841463671922275225e+01 3.537978215692804440e+01 5.320966217422767386e+01 5.925165937604157307e+01 6.758348815735439530e+01 7.359384577494370205e+01 9.127658891195234503e+01 9.815708036733828123e+01 1.063592833360439585e+02
2.262503009656542474e+01 3.204059080138775073e+01 3.989144165128069375e+01 6.000237416203113838e+01 6.681393505621758777e+01 7.620497239051813665e+01 8.299211455555278860e+01 1.029248345857688633e+02 1.106764092343465222e+02 1.199244145171104634e+02
2.551375223481840138e+01 3.612713896229247013e+01 4.498316161672564562e+01 6.765500241786781999e+01 7.533923178626805850e+01 8.592952025097154944e+01 9.357037434668387732e+01 1.160608577022333492e+02 1.247864902001395961e+02 1.352125161408025349e+02
2.876514761884784122e+01 4.073715847653514999e+01 5.071792845615799905e+01 7.628274875703344549e+01 8.495340847134087880e+01 9.688797823910917373e+01 1.055055983090744718e+02 1.308767078170914431e+02 1.407045100957017212e+02 1.524534803195964514e+02
3.243579747374400313e+01 4.593361880218867555e+01 5.719337355482501550e+01 8.601830606138037183e+01 9.579104210811793507e+01 1.092512373814726203e+02 1.189586558612702305e+02 1.475621380848133981e+02 1.586769646066217376e+02 1.718937640863041736e+02
3.657274958001360687e+01 5.179303212543333501e+01 6.448707484024558312e+01 9.699458954553927015e+01 1.080158560314981315e+02 1.231987827703493821e+02 1.341420094008980186e+02 1.664042879582300998e+02 1.789087737655979424e+02 1.938354375527948150e+02
4.123784987224733811e+01 5.840218731799095764e+01 7.271717121124230232e+01 1.093674643528732133e+02 1.218037629621443756e+02 1.389065225170018607e+02 1.512635322379264267e+02 1.876469800769870915e+02 2.017474954775070159e+02 2.185590713146552844e+02
4.650249967348170799e+01 6.585303529772224351e+01 8.199197813533554324e+01 1.233234046287879693e+02 1.373437142533362021e+02 1.566690030599232841e+02 1.705793747629344352e+02 2.115846975597304152e+02 2.274905433197458535e+02 2.464419032413566697e+02
5.243115725983104625e+01 7.425382246004500075e+01 9.245731136654713112e+01 1.390590375941912384e+02 1.548597810139875719e+02 1.766337330122372578e+02 1.923283582346733738e+02 2.385945301008235333e+02 2.565303360746015642e+02 2.778959676838584869e+02
5.912177710112526796e+01 8.372635664361408203e+01 1.042523834856143452e+02 1.568072480276009912e+02 1.746228829882532807e+02 1.991866749610719580e+02 2.168877254467468845e+02 2.690459874046766799e+02 2.892706307045384051e+02 3.133580927820894431e+02
6.666365229261728587e+01 9.440838449183102910e+01 1.175487754633618067e+02 1.768112994463677978e+02 1.969019620996082836e+02 2.245908577424570751e+02 2.445630016981824610e+02 3.034001369593613617e+02 3.261914438403888425e+02 3.533414989020451458e+02
7.516736115030583676e+01 1.064568708118841300e+02 1.325473706519938446e+02 1.993715159159147845e+02 2.220353532740822970e+02 2.532262533080392757e+02 2.757837361405714205e+02 3.421028143252378300e+02 3.678271603835354426e+02 3.984468951545379127e+02
8.475787837294906524e+01 1.200373638716419151e+02 1.494611860102640719e+02 2.248107423276311465e+02 2.503639395118878497e+02 2.855549633144723316e+02 3.109854959723384127e+02 3.857905786644748787e+02 4.147685283848252311e+02 4.493002784274972896e+02
9.556909863585647713e+01 1.353514351427314750e+02 1.685286786031477959e+02 2.534915730460615464e+02 2.823092127929975277e+02 3.219841397725716661e+02 3.506881111619733247e+02 4.350295879166459372e+02 4.677266561669540579e+02 5.066231477906060832e+02
1.077668542049425469e+02 1.526170472168419110e+02 1.900313513392066795e+02 2.858393616804345356e+02 3.183324406328591749e+02 3.630752282065426471e+02 3.954435750706869044e+02 4.905392734516411224e+02 5.274308312928596933e+02 5.713165463639056725e+02
1.215134979851834629e+02 1.720875861550476600e+02 2.142758286961175145e+02 3.223037407744373013e+02 3.589509414886292689e+02 4.094062030478346514e+02 4.459154375088651818e+02 5.531606254139715020e+02 5.947284075980018088e+02 6.442186654697734411e+02
1.370192411493827080e+02 1.940453692475044818e+02 2.416093737151690561e+02 3.634304139448922228e+02 4.047513336308544467e+02 4.616418771732876394e+02 5.028203982310565721e+02 6.237747392576217180e+02 6.706534527272739297e+02 7.264280419833273754e+02
1.544938545780337051e+02 2.187985526395999898e+02 2.724423000549500671e+02 4.098045531898137597e+02 4.563887618504350598e+02 5.205683813618617251e+02 5.670058030156367295e+02 7.033696720032659186e+02 7.562514351038199720e+02 8.191608458091565126e+02
1.742062732584773812e+02 2.467102288304583908e+02 3.071917547184049226e+02 4.620949965948425415e+02 5.146278327472417686e+02 5.869792266904262306e+02 6.393752155190854864e+02 7.931286783245983543e+02 8.527454291780121594e+02 9.237068289835954147e+02
1.964255927073313046e+02 2.781863452239411458e+02 3.463873216506231074e+02 5.210497086385751118e+02 5.802880226052481021e+02 6.618719193819097200e+02 7.209634936521317741e+02 8.943488097812328306e+02 9.615970225288656366e+02 1.041586665484343030e+03
2.214773637769538936e+02 3.136697185637920029e+02 3.905801575962639731e+02 5.875319984366960853e+02 6.543265142258555898e+02 7.463213660778701524e+02 8.129612658857370207e+02 1.008499475119731983e+03 1.084314653080620928e+03 1.174499352932400370e+03
2.497387717207694493e+02 3.536954891006548678e+02 4.404096427041098991e+02 6.624940049680047878e+02 7.378171576971134300e+02 8.415563273792259906e+02 9.167022006518348007e+02 1.137180293406590181e+03 1.222668218765104939e+03 1.324363959889756188e+03
2.815898025541541756e+02 3.988149555305903391e+02 4.965924268764768499e+02 7.470132123270399234e+02 8.319530989709433015e+02 9.489329583140913655e+02 1.033662453598824641e+03 1.282301266836312834e+03 1.378689037873505413e+03 1.493378880822025394e+03
3.175222426516704104e+02 4.496981014238933767e+02 5.599431193906328872e+02 8.423176015653685909e+02 9.380953620674281410e+02 1.070009039688204666e+03 1.165553388399416917e+03 1.445906663960788592e+03 1.554621496543690000e+03 1.683925117815820613e+03
3.580283920883647966e+02 5.070537813178947317e+02 6.313748727674136489e+02 9.497738448110161471e+02 1.057776543092697011e+03 1.206520568209433122e+03 1.314266576245705437e+03 1.630380220526064704e+03 1.752949544503913103e+03 1.898730207870938557e+03
4.037063447535525142e+02 5.717501764359187746e+02 7.119255541455916045e+02 1.070935860220777158e+03 1.192722910340914723e+03 1.360431186023772398e+03 1.481925186872301083e+03 1.838357137451752578e+03 1.976486841646494895e+03 2.140886799482917922e+03
4.551884886874702261e+02 6.446739519363618456e+02 8.027396111207086733e+02 1.207542380787725278e+03 1.344849345608274007e+03 1.533926866100855023e+03 1.670896768909765115e+03 2.072704142425114242e+03 2.228509258352164579e+03 2.413730818241911038e+03
5.132652686602020822e+02 7.269131123939956751e+02 9.051130465991834626e+02 1.361527103228437227e+03 1.516296891813983166e+03 1.729478848232783093e+03 1.883894328473349788e+03 2.336818624940142854e+03 2.512353640216529129e+03 2.720990172571114272e+03
5.787502616482914846e+02 8.196345754523642881e+02 1.020552245181674948e+03 1.535043561111682266e+03 1.709508814695021101e+03 1.949756444408576272e+03 2.123794647422188973e+03 2.634127373688097578e+03 2.831830913215636883e+03 3.066610892640693237e+03
6.525845411483312546e+02 9.241750336599959610e+02 1.150679282283381553e+03 1.730504067849876265e+03 1.927073060032274270e+03 2.197753360172909652e+03 2.393775418227548471e+03 2.968387745443557833e+03 3.190876386363607253e+03 3.454743892407089788e+03
7.358467378293338470e+02 1.042032385488190130e+03 1.297315605441307071e+03 1.950497040270408661e+03 2.171861217984701398e+03 2.476591086304051714e+03 2.697228061886451087e+03 3.343621627836101652e+03 3.593565159180205683e+03 3.889433378414839808e+03
8.296928935020214340e+02 1.174902914381675146e+03 1.462495460323133102e+03 2.197835925556436905e+03 2.446892355991697059e+03 2.789597879983977236e+03 3.037664545278001242e+03 3.763634106750448609e+03 4.043882031284483219e+03 4.374584663732840454e+03
9.355473937677605818e+02 1.324589952857342041e+03 1.648455410999887590e+03 2.475454522561728027e+03 2.755281484855584949e+03 3.140139418384308101e+03 3.418541781038057252e+03 4.232262138570505158e+03 4.545503227337144381e+03 4.913585863398075162e+03
1.054862454475866798e+03 1.493259039096323022e+03 1.857632769547462203e+03 2.786424348938477124e+03 3.100250384064532227e+03 3.531542692556326074e+03 3.843252335929397304e+03 4.752745093784978053e+03 5.101627825081019182e+03 5.509190127833853694e+03
1.189435324631295998e+03 1.683157997598264956e+03 2.092706048885065229e+03 3.133770098943202356e+03 3.484865989776751121e+03 3.966886502891590226e+03 4.314855552876104412e+03 5.327753003702949172e+03 5.714494069875050627e+03 6.163066232869221494e+03
1.341105920629400998e+03 1.896849961161335386e+03 2.356455302051188028e+03 3.520506853818047148e+03 3.912044314114969438e+03 4.448929441666584353e+03 4.836009632375270485e+03 5.959261005224783730e+03 6.385748536081376187e+03 6.875863160552314184e+03
1.512135568678292657e+03 2.137174675786568969e+03 2.651888624920697112e+03 3.949391225972340180e+03 4.384436367578132376e+03 4.980019815439554804e+03 5.408712132922657474e+03 6.648372789856954114e+03 7.115839076546451906e+03 7.647287555627977781e+03
1.704917062219759828e+03 2.407068658344043797e+03 2.982089369887547491e+03 4.423018747515007817e+03 4.904264829181388450e+03 5.561859001119844834e+03 6.034329551625901331e+03 7.395057830921128698e+03 7.904230525734716139e+03 8.475949736762837347e+03
1.922222613420863354e+03 2.709839160651606107e+03 3.350347993022652190e+03 4.943618046599339323e+03 5.473288395463635425e+03 6.195621713627056124e+03 6.713583216237762826e+03 8.198784155321349317e+03 8.749655588032290325e+03 9.359749859333456698e+03
2.167037991332318597e+03 3.048995879538214012e+03 3.759863372389711458e+03 5.513035441284332592e+03 6.092885898636149250e+03 6.881920123710502594e+03 7.446500672612776725e+03 9.058050611319986274e+03 9.650234083269113398e+03 1.029608452390212733e+04
2.442830961969018517e+03 3.428196589904734083e+03 4.213983351420160034e+03 6.132821527522190991e+03 6.763904987768344654e+03 7.620753805676969932e+03 8.232579789645031269e+03 9.970937527916334147e+03 1.060348900187000072e+04 1.128216532875732628e+04
