1.061617834838675236e+02
1.220860510064476472e+02
1.380103185290277850e+02
1.539345860516079085e+02
1.698588535741880321e+02
1.857831210967681557e+02
2.017073886193483077e+02
2.176316561419284312e+02
2.335559236645085548e+02
2.494801911870886784e+02
2.654044587096688019e+02
2.813287262322489255e+02
2.972529937548291059e+02
3.131772612774091726e+02
3.291015287999893530e+02
3.450257963225694198e+02
3.609500638451495433e+02
3.768743313677297238e+02
3.927985988903097905e+02
4.087228664128899709e+02
4.246471339354700376e+02
4.405714014580502180e+02
4.564956689806303416e+02
4.724199365032104652e+02
4.883442040257906456e+02
5.042684715483707123e+02
5.201927390709508927e+02
5.361170065935309594e+02
5.520412741161111398e+02
5.679655416386913203e+02
5.838898091612713870e+02
5.998140766838515674e+02
6.157383442064316341e+02
6.316626117290118145e+02
6.475868792515919949e+02
6.635111467741720617e+02
6.794354142967521284e+02
6.953596818193323088e+02
7.112839493419124892e+02
7.272082168644925559e+02
7.431324843870726227e+02
7.590567519096529168e+02
7.749810194322329835e+02
7.909052869548130502e+02
8.068295544773932306e+02
8.227538219999732974e+02
8.386780895225534778e+02
8.546023570451335445e+02
8.705266245677138386e+02
8.864508920902939053e+02
9.023751596128739720e+02
9.182994271354541524e+02
9.342236946580342192e+02
9.501479621806143996e+02
9.660722297031944663e+02
9.819964972257745330e+02
9.979207647483548271e+02
1.013845032270934894e+03
1.029769299793515074e+03
1.045693567316095141e+03
1.061617834838675208e+03
1.077542102361255502e+03
1.093466369883835569e+03
1.109390637406415635e+03
1.125314904928995702e+03
1.141239172451575769e+03
1.157163439974156063e+03
1.173087707496736130e+03
1.189011975019316424e+03
1.204936242541896490e+03
1.220860510064476557e+03
1.236784777587056624e+03
1.252709045109636691e+03
1.268633312632216985e+03
1.284557580154797051e+03
1.300481847677377118e+03
1.316406115199957412e+03
1.332330382722537479e+03
1.348254650245117546e+03
1.364178917767697612e+03
1.380103185290277679e+03
1.396027452812857746e+03
1.411951720335438267e+03
1.427875987858018334e+03
1.443800255380598401e+03
1.459724522903178467e+03
1.475648790425758534e+03
1.491573057948338828e+03
1.507497325470918895e+03
1.523421592993498962e+03
1.539345860516079028e+03
1.555270128038659095e+03
1.571194395561239389e+03
1.587118663083819456e+03
1.603042930606399523e+03
1.618967198128979589e+03
1.634891465651560111e+03
1.650815733174140178e+03
1.666740000696720244e+03
1.682664268219300311e+03
1.698588535741880378e+03
1.714512803264460672e+03
1.730437070787040739e+03
1.746361338309620805e+03
1.762285605832200872e+03
1.778209873354780939e+03
1.794134140877361233e+03
1.810058408399941300e+03
1.825982675922521366e+03
1.841906943445101433e+03
1.857831210967681500e+03
1.873755478490262021e+03
1.889679746012842088e+03
1.905604013535422155e+03
1.921528281058002221e+03
1.937452548580582288e+03
1.953376816103162582e+03
1.969301083625742649e+03
1.985225351148322716e+03
2.001149618670902782e+03
2.017073886193482849e+03
