0.000000000000000000e+00
1.313694951060567349e+08
2.580176476911402345e+08
3.786679592643206716e+08
4.929356733413173556e+08
6.007718264539943933e+08
7.023051955475474596e+08
7.977861872423075438e+08
8.874874679615803957e+08
9.717773096555168629e+08
1.050938550766552806e+09
1.125356638393137455e+09
1.195341314490293503e+09
1.261205809028898239e+09
1.323277184027985334e+09
1.381812372362020493e+09
1.437064193058395386e+09
1.489313546995075226e+09
1.538773485004013300e+09
1.585625942089131117e+09
1.630098489095828295e+09
1.672357850073527336e+09
1.712567863223530769e+09
1.750858836331362724e+09
1.787384117761437893e+09
1.822281710073748827e+09
1.855650125548829556e+09
1.887601319166977167e+09
1.918217841755419016e+09
1.947601952050357819e+09
1.975845951985220671e+09
2.003015341172234535e+09
2.029182148807951927e+09
2.054407511668647051e+09
2.078736795098248959e+09
2.102242224995785475e+09
2.124981352939349174e+09
2.146997611358760118e+09
2.168329794699318409e+09
2.189018332364227295e+09
2.209097564599063396e+09
2.228601065224891186e+09
2.247561925796700478e+09
2.266011696468183994e+09
2.283985578564166546e+09
2.301511231756286621e+09
2.318610008886329174e+09
2.335304335867664814e+09
2.351615504512857437e+09
2.367564696275802612e+09
2.383172433156676769e+09
2.398456879033608437e+09
2.413436151114533901e+09
2.428124012738539696e+09
2.442537272549371719e+09
2.456692452824615479e+09
2.470602207761288643e+09
2.484280969417686939e+09
2.497740669893317223e+09
2.510995324749655724e+09
2.524054987616858959e+09
2.536931454047594070e+09
2.549634875653270245e+09
2.562179633856995106e+09
2.574579389748041153e+09
2.586837911120845795e+09
2.598962324383273125e+09
2.610961456778564453e+09
2.622839918903110981e+09
2.634605951942810059e+09
2.646265397191104412e+09
2.657828678531971931e+09
2.669321637655478001e+09
2.680736161720660686e+09
2.692075197376264095e+09
2.703343411235499859e+09
2.714544572220931530e+09
2.725682524612964630e+09
2.736772523055613518e+09
2.747809245864299297e+09
2.758794971853370190e+09
2.769730166667164326e+09
2.780633454788228035e+09
2.791512973606426716e+09
2.802362281308639050e+09
2.813178961117521763e+09
2.823969224462759018e+09
2.834739693758021355e+09
2.845484877719743729e+09
2.856202830093545914e+09
2.866917781380670071e+09
2.877626449946579933e+09
2.888322696587448597e+09
2.899008675221944332e+09
2.909689293032346725e+09
2.920356314387003422e+09
2.931021672944979191e+09
2.941693561874323368e+09
2.952360792026445389e+09
2.963029657656186581e+09
2.973695750901689053e+09
2.984357922460209846e+09
2.995035903996416092e+09
3.005715771067239285e+09
3.016400627863839149e+09
3.027090003003728867e+09
3.037784690365957260e+09
3.048486130223233700e+09
3.059192603258764267e+09
3.069905884155298710e+09
3.080624340587460518e+09
3.091352379871509552e+09
3.102084740229797840e+09
3.112823225322026253e+09
3.123564411042868137e+09
3.134317312056135654e+09
3.145071934362488270e+09
3.155827396929664135e+09
3.166587709401364326e+09
3.177352721869513035e+09
3.188119571638818741e+09
3.198882864409571648e+09
