0.000000000000000000e+00
1.983069688463641703e+07
6.273601310212139040e+07
1.130147360247686207e+08
1.648022313296485841e+08
2.152529987006351650e+08
2.646631289359816611e+08
3.122679566104507446e+08
3.555562001394137740e+08
3.966336224282573462e+08
4.329391832905694842e+08
4.668498128838912249e+08
4.981695675236060619e+08
5.259971618772079945e+08
5.506418672258309126e+08
5.736174567116823196e+08
5.937220022688298225e+08
6.110180743994606733e+08
6.275623501368913651e+08
6.407791441076474190e+08
6.530238344565272331e+08
6.631963897218848467e+08
6.730841297767620087e+08
6.802807530593496561e+08
6.870429595222948790e+08
6.920931098287075758e+08
6.976305456168644428e+08
7.005594733522857428e+08
7.036309973982937336e+08
7.050563215344417095e+08
7.059638152354751825e+08
7.078118863983578682e+08
7.073164178520416021e+08
7.064346275102188587e+08
7.059027286862623692e+08
7.041298642465934753e+08
7.020702246555166245e+08
7.012903588167812824e+08
6.983695760573484898e+08
6.952377548087024689e+08
6.927931570365750790e+08
6.891383944085996151e+08
6.853230175177147388e+08
6.813591366528599262e+08
6.790814727556802034e+08
6.746375146599504948e+08
6.700922419678045511e+08
6.654527545756936073e+08
6.607247081964896917e+08
6.568488856318987608e+08
6.518927204128788710e+08
6.468743551617629528e+08
6.417983007143979073e+08
6.366672029533247948e+08
6.314862840473444462e+08
6.262602470922996998e+08
6.209926620863254070e+08
6.176057962051782608e+08
6.122252327676349878e+08
6.068275746898989677e+08
6.014153009123637676e+08
5.959920174726004601e+08
5.905603503160743713e+08
5.851251304893608093e+08
5.796910359029264450e+08
5.742590257389372587e+08
5.688318756345868111e+08
5.634124410440495014e+08
5.560267532551443577e+08
5.505850810847773552e+08
5.451545536077696085e+08
5.397400264062699080e+08
5.343524013974304795e+08
5.289890034864973426e+08
5.226903829685184956e+08
5.173448238152390122e+08
5.120293293108721972e+08
5.067458357598770857e+08
4.996088175853666067e+08
4.943198525661733747e+08
4.890700311954472661e+08
4.829385375272092819e+08
4.777333090451138616e+08
4.725804345766547918e+08
4.674778946475880742e+08
4.605685552098804712e+08
4.554750516409434676e+08
4.504395115044031739e+08
4.445749813213086724e+08
4.395993339648463726e+08
4.346910606069700718e+08
4.281606157181422710e+08
4.232691828812933564e+08
4.184469702974452376e+08
4.136957118250529170e+08
4.081389754427253008e+08
4.034694658474455476e+08
3.972929172609724402e+08
3.926477118665563464e+08
3.880840142176805735e+08
3.828142591988734603e+08
3.783425589354396462e+08
3.739588310560515523e+08
3.680817188807790279e+08
3.637335623608371615e+08
3.587400582803765535e+08
3.545003114127206206e+08
3.503504127944242954e+08
3.447789501121485233e+08
3.406762393158330321e+08
3.359500500148534775e+08
3.319676912291826010e+08
3.267105999325155020e+08
3.227830701315237880e+08
3.182933412536857724e+08
3.144961612024065256e+08
3.095187156767973304e+08
3.057842851849096417e+08
3.015287759893969893e+08
2.979318284257188439e+08
2.932144540974038243e+08
2.891524635469199419e+08
