0.000000000000000000e+00
3.063350052330335379e+08
5.901878583979820013e+08
8.492961375846769810e+08
1.083829391654972076e+09
1.294889439400258541e+09
1.484043230557193995e+09
1.652995401914658546e+09
1.803500880552693605e+09
1.937305081258791924e+09
2.055975241281820297e+09
2.161055848095028877e+09
2.253895286281463146e+09
2.335712290151185513e+09
2.407694923664189816e+09
2.470806567733194828e+09
2.525938084386084080e+09
2.573938726523388386e+09
2.615509612669380665e+09
2.651314243256026268e+09
2.681891707858930111e+09
2.707802708816671848e+09
2.729490682632493973e+09
2.747380652061251163e+09
2.761833561354155540e+09
2.773158370239116669e+09
2.781701698609381676e+09
2.787723587727860928e+09
2.791450113872213840e+09
2.793108427391201019e+09
2.792905970101177692e+09
2.791012514508384705e+09
2.787582808140564442e+09
2.782764675084723949e+09
2.776710455978481770e+09
2.769545950868302822e+09
2.761382995028405666e+09
2.752319014068943501e+09
2.742448909921103954e+09
2.731853763047324181e+09
2.720611355157413483e+09
2.708797568832209587e+09
2.696482575697834015e+09
2.683727649265865326e+09
2.670589216647704601e+09
2.657119209249926567e+09
2.643364743116458893e+09
2.629372543766004562e+09
2.615181090663970947e+09
2.600829121998567104e+09
2.586364621545320511e+09
2.571830785705190182e+09
2.557245135832546711e+09
2.542633147286785126e+09
2.528017123168760777e+09
2.513417726372140408e+09
2.498872817028301716e+09
2.484389644836359024e+09
2.469982117191575050e+09
2.455662447305769920e+09
2.441479218329060078e+09
2.427433278471134663e+09
2.413528160529089928e+09
2.399777834652452469e+09
2.386191827033541679e+09
2.372770534719651699e+09
2.359526895392201424e+09
2.346492017480978489e+09
2.333656665079652786e+09
2.321025839114465237e+09
2.308602572743744373e+09
2.296390344118453026e+09
2.284406823157185078e+09
2.272642843422088623e+09
2.261104434725693703e+09
2.249788260489108086e+09
2.238704279998642921e+09
2.227862792521526814e+09
2.217251437545365810e+09
2.206874221290050507e+09
2.196730370130824089e+09
2.186830304127978325e+09
2.177164362734563351e+09
2.167726391431086540e+09
2.158530753745037556e+09
2.149566549086303711e+09
2.140831027153438091e+09
2.132327435390851259e+09
2.124053850383738518e+09
2.116002624232562304e+09
2.108176772527753830e+09
2.100573789649031401e+09
2.093183387660708904e+09
2.086013440330188513e+09
2.079054489788253546e+09
2.072304505015617132e+09
2.065754820745661974e+09
2.059402027891807795e+09
2.053250296852256536e+09
2.047283936117176771e+09
2.041507326558831930e+09
2.035905945885030985e+09
2.030479843262944937e+09
2.025218897202254534e+09
2.020118337791761160e+09
2.015170243656809092e+09
2.010366889726191759e+09
2.005701797219660759e+09
2.001165597229973793e+09
1.996747767013304710e+09
1.992440344527079105e+09
1.988233143395924330e+09
1.984114746381606579e+09
1.980073554445293665e+09
1.976099205058727264e+09
1.972182432138324738e+09
1.968315942525860310e+09
1.964493533568913460e+09
1.960709634491935492e+09
1.956959791892254353e+09
1.953240323298954964e+09
1.949547937934978724e+09
