0.000000000000000000e+00
1.333525647945203781e+08
2.662743186898160279e+08
3.982261038654733300e+08
5.289740410754348636e+08
6.583354940581754446e+08
7.863351760453267097e+08
9.130429634011318684e+08
1.038299864134346008e+09
1.162253068071108341e+09
1.284708227511201143e+09
1.405811296426174879e+09
1.525612929275691509e+09
1.644077140002017021e+09
1.761212701723687172e+09
1.877109635728890657e+09
1.991733656652148485e+09
2.105084818028774261e+09
2.217300991051401615e+09
2.328231362547284126e+09
2.438006292999633789e+09
2.546585292949521542e+09
2.654103719077201366e+09
2.760422767490968227e+09
2.865652344873272896e+09
2.969759248168454170e+09
3.072890718205221653e+09
3.174897859158597946e+09
3.275877481486868858e+09
3.375767223935252190e+09
3.474607605393662453e+09
3.572558183220512390e+09
3.669456632641433716e+09
3.765325458253150940e+09
3.860245014551379204e+09
3.954163430873575211e+09
4.047109581282690048e+09
4.139254875583779335e+09
4.230424016530072689e+09
4.320636329675851822e+09
4.409994877614345551e+09
4.498412217681033134e+09
4.585905380004613876e+09
4.672491064341382980e+09
4.758373093712933540e+09
4.843362498371048927e+09
4.927470499697872162e+09
5.010710102136776924e+09
5.093093741601618767e+09
5.174727821927753448e+09
5.255524830849916458e+09
5.335496712243023872e+09
5.414655814395389557e+09
5.493010396314726830e+09
5.570572284530293465e+09
5.647353489514766693e+09
5.723362510660073280e+09
5.798801851936988831e+09
5.873484075689382553e+09
5.947421488014711380e+09
6.020622680973150253e+09
6.093098349151145935e+09
6.164857805788429260e+09
6.235915077041090965e+09
6.306283936522429466e+09
6.375968360469127655e+09
6.444975961295014381e+09
6.513316337794710159e+09
6.580797475244771957e+09
6.647622016392948151e+09
6.713796917002019882e+09
6.779334200983514786e+09
6.844262400246763229e+09
6.908575824660596848e+09
6.972183898613052368e+09
7.035186594853811264e+09
7.097590688770330429e+09
7.159403224738351822e+09
7.220454104939537048e+09
7.280922813004838943e+09
7.340815542113454819e+09
7.400044590679969788e+09
7.458721209705545425e+09
7.516858771981409073e+09
7.574455869148380280e+09
7.631329404478250504e+09
7.687667172987583160e+09
7.743481593433285713e+09
7.798684275527138710e+09
7.853362161297425270e+09
7.907546218645246506e+09
7.961070948782970428e+09
8.014094113711969376e+09
8.066624789376209259e+09
8.118674978369116783e+09
8.170155897268045425e+09
8.221168202410766602e+09
8.271569383066207886e+09
8.321501384404985428e+09
8.370978651456495285e+09
8.419926170621885300e+09
8.468422598073948860e+09
8.516496462715761185e+09
8.563984501674661636e+09
8.611042714707344055e+09
8.657606095675273895e+09
8.703750814178773880e+09
8.749487295315492630e+09
8.794671663362237930e+09
8.839452568190355301e+09
8.883766029624004364e+09
8.927690838030971527e+09
8.971094258382511139e+09
9.014111050487892151e+09
9.056681570334100723e+09
9.098884087467609406e+09
9.140590581341642380e+09
9.181924472427309036e+09
9.222837662497947693e+09
9.263395857808668137e+09
9.303484152987714767e+09
9.343162692113159180e+09
