0.000000000000000000e+00
4.898850450441270254e+01
6.999828215447314506e+02
3.585420603638331158e+03
1.175185067248953965e+04
2.982170458026046617e+04
6.400788993436851888e+04
1.219842982365301432e+05
2.126171032786848955e+05
3.455929287108483259e+05
5.340767032954797614e+05
7.799781262512295507e+05
1.095184720930875046e+06
1.482480175728454953e+06
1.958996014315256616e+06
2.514846835332195740e+06
3.165322639696727041e+06
3.905211191053627525e+06
4.741603008117631078e+06
5.695889795667370781e+06
6.749534078159836121e+06
7.922356910009231418e+06
9.202151179170254618e+06
1.059529796572760306e+07
1.213879083440448157e+07
1.379749896257233992e+07
1.557765090753899328e+07
1.750357657150660083e+07
1.955832398987731710e+07
2.174853689853939041e+07
2.412352697143010423e+07
2.663665904494119808e+07
2.929490312204343826e+07
3.210538141626115516e+07
3.509460827942902595e+07
3.824546301183228940e+07
4.156592528042522073e+07
4.510941853400680423e+07
4.882785352389171720e+07
5.272993744643046707e+07
5.685036351055645943e+07
6.116694131588503718e+07
6.568940717906422913e+07
7.048461412177568674e+07
7.549456580266247690e+07
8.073016550127743185e+07
8.623320596907453239e+07
9.197901662684457004e+07
9.797977759713914990e+07
1.043116347340000272e+08
1.109119803770901561e+08
1.177947899195040762e+08
1.250066632376911640e+08
1.325241097963719219e+08
1.404398275710019171e+08
1.486791187619935274e+08
1.572594275339469910e+08
1.662358293533594608e+08
1.755826617171729803e+08
1.854042360659382939e+08
1.956200970829838216e+08
2.062993226421948373e+08
2.174083464934825897e+08
2.289707294835329056e+08
2.410963714723024070e+08
2.537072058894905150e+08
2.668757319345372915e+08
2.805743111627717018e+08
2.949291485563685894e+08
3.098529295766804814e+08
3.254280813040911555e+08
3.416265606799061894e+08
3.585864483508471251e+08
3.762178706270277500e+08
3.946100543910239339e+08
4.138657223837702274e+08
4.338732197517462969e+08
4.547378489398863316e+08
4.764287358165137768e+08
4.991134724500473142e+08
5.227636515759406090e+08
5.473437887559012175e+08
5.730428013582544327e+08
5.997494105342599154e+08
6.275839919324684143e+08
6.566743040171896219e+08
6.869031856176544428e+08
7.184019575022132397e+08
7.513071973849701881e+08
7.855871440663218498e+08
8.212113632762808800e+08
8.584087805320987701e+08
8.971534202734770775e+08
9.374237306026229858e+08
9.794524433003212214e+08
1.023223013912986755e+09
1.068904832295891762e+09
1.116470375809022188e+09
1.165902537924718142e+09
1.217467145796147108e+09
1.271153558782228231e+09
1.327151294436766863e+09
1.385442900623511553e+09
1.446236475293137550e+09
1.509509746920547247e+09
1.575488667975476265e+09
1.644148077378449440e+09
1.715485787697818279e+09
1.789839492464523315e+09
1.867216386902498722e+09
1.947851988310456991e+09
2.031756622885876656e+09
2.119180350180534840e+09
2.210139001627359867e+09
2.304896917304608822e+09
2.403477345530708313e+09
2.506300405358472347e+09
2.613400750527196884e+09
2.724781817835460663e+09
2.840775403043107033e+09
2.961400218425277710e+09
3.086997803255844116e+09
