0.000000000000000000e+00
8.610262113420141861e+06
3.153330143974831328e+07
6.963557854269821942e+07
1.225241551881482154e+08
1.891457556262522936e+08
2.681052918285723925e+08
3.578967615937383771e+08
4.570937469460895658e+08
5.642710074017962217e+08
6.781698008133772612e+08
7.976130991462284327e+08
9.215666079114826918e+08
1.049001090926056385e+09
1.179010151031546354e+09
1.311022881851753235e+09
1.444231352334963799e+09
1.578163594851364136e+09
1.712462027932135344e+09
1.846476609949707508e+09
1.979974292132146597e+09
2.112547705222877979e+09
2.243966015114801884e+09
2.374151535477308750e+09
2.502741682294074059e+09
2.629686222316558361e+09
2.754754487206389427e+09
2.877856223204125881e+09
2.999092391890974045e+09
3.118176346378408909e+09
3.235066772895917416e+09
3.349733304558187008e+09
3.462237485289739609e+09
3.572464790639349461e+09
3.680411340569203377e+09
3.786079046353168488e+09
3.889474782157163620e+09
3.990787515681940079e+09
4.089832404596656322e+09
4.186631708932370186e+09
4.281210285994703293e+09
4.373595209726286888e+09
4.463815452698999405e+09
4.551901617295022011e+09
4.637885705350848198e+09
4.721606277693017960e+09
4.803299320790839195e+09
4.882998093031569481e+09
4.960736524068061829e+09
5.036549417190720558e+09
5.110491030877465248e+09
5.182480504230960846e+09
5.252652119125620842e+09
5.321042402737614632e+09
5.387688228999737740e+09
5.452626703830155373e+09
5.515703022641808510e+09
5.577140262490905762e+09
5.636975849592884064e+09
5.695247129554246902e+09
5.751897533040746689e+09
5.807052679295140266e+09
5.860749713098805428e+09
5.913025371838777542e+09
5.963726026903037071e+09
6.013065344743320465e+09
6.061080162914325714e+09
6.107714057327387810e+09
6.153087900152159691e+09
6.197237331256205559e+09
6.240012772064222336e+09
6.281617621149633408e+09
6.322002227452317238e+09
6.361277195791487694e+09
6.399477132325828552e+09
6.436458179309659958e+09
6.472413543303407669e+09
6.507292773211582184e+09
6.541204022798720360e+09
6.574017414009304047e+09
6.605908779920752525e+09
6.636831959535945892e+09
6.666888624247112274e+09
6.695953698927523613e+09
6.724196070141932487e+09
6.751569263375782013e+09
6.778034943285353661e+09
6.803741588154246330e+09
6.828650273695663452e+09
6.852726995839420319e+09
6.876106934232828140e+09
6.898755650746215820e+09
6.920641055641333580e+09
6.941890918986004829e+09
6.962472777830594063e+09
6.982354910910463333e+09
7.001609811971571922e+09
7.020214305023390770e+09
7.038273747510306358e+09
7.055759551029197693e+09
7.072652160345709801e+09
7.089014251102619171e+09
7.104826918291264534e+09
7.120145994576125145e+09
7.134957635536249161e+09
7.149312003612106323e+09
7.163199693181634903e+09
7.176665931457472801e+09
7.189705415988743782e+09
7.202358784315624237e+09
7.214609789716327667e+09
7.226498556497348785e+09
7.238054130504780769e+09
7.249286279810231209e+09
7.260214477882018089e+09
7.270862766286673546e+09
7.281245092508346558e+09
7.291374137021519661e+09
7.301261492349242210e+09
7.310917808910381317e+09
7.320352915043613434e+09
7.329575916707389832e+09
