0.000000000000000000e+00
5.862221021362272091e+06
1.192895957256069221e+07
1.819698384100695327e+07
2.467118628962336481e+07
3.135699391552754119e+07
3.825682494489567727e+07
4.537145443030457199e+07
5.270057304998344928e+07
6.024313718959994614e+07
6.799777912307608128e+07
7.596407820390610397e+07
8.414424624501362443e+07
9.254027752033060789e+07
1.011553170136108547e+08
1.099920143515252769e+08
1.190590412922369838e+08
1.283625091790987849e+08
1.379078412294567525e+08
1.477024609458206892e+08
1.577523283215030730e+08
1.680666848883372843e+08
1.786574049449090362e+08
1.895326418243127763e+08
2.007009152368173003e+08
2.121731907339092791e+08
2.239587428831784427e+08
2.360662010978946984e+08
2.485118694547787309e+08
2.613085700825907588e+08
2.744664469086410999e+08
2.879974174691604972e+08
3.019153885340683460e+08
3.162325914456001520e+08
3.309597277038406730e+08
3.461166409995980859e+08
3.617194453344708681e+08
3.777811679550228715e+08
3.943161876397490501e+08
4.113419617747417092e+08
4.288738792542663217e+08
4.469248317586215734e+08
4.655185751959338188e+08
4.846746477089950442e+08
5.044092625338826776e+08
5.247403194750971794e+08
5.456884706853113174e+08
5.672714406321142912e+08
5.895086418576642275e+08
6.124275663697223663e+08
6.360490602538645267e+08
6.603930539236670732e+08
6.854846216517716646e+08
7.113447836402617693e+08
7.379963093092780113e+08
7.654710672039296627e+08
7.937934656305830479e+08
8.229880332179541588e+08
8.530827195732344389e+08
8.840995888844810724e+08
9.160760434649605751e+08
9.490417738190871477e+08
9.830244486636582613e+08
1.018056261601875782e+09
1.054163614004776478e+09
1.091388250628968239e+09
1.129760698171105385e+09
1.169318877011008739e+09
1.210095094800992489e+09
1.252125959941773415e+09
1.295454466244921446e+09
1.340117179365303755e+09
1.386152801524394751e+09
1.433601414644780874e+09
1.482512237479240894e+09
1.532925722776785612e+09
1.584884832752449274e+09
1.638436496851139545e+09
1.693629212081005096e+09
1.750515643610295057e+09
1.809136296514509439e+09
1.869554634238987684e+09
1.931819490117285013e+09
1.995973975993740797e+09
2.062095200002836466e+09
2.130232716850612164e+09
2.200444061427153111e+09
2.272789743033501625e+09
2.347335924072008133e+09
2.424145780920782566e+09
2.503284673468313217e+09
2.584824616531247139e+09
2.668827597927897453e+09
2.755377999437644005e+09
2.844546426741941452e+09
2.936401111880784988e+09
3.031036639212854385e+09
3.128523165883547783e+09
3.228944021253957748e+09
3.332390665733666897e+09
3.438939662780966282e+09
3.548701188772079945e+09
3.661755810513548851e+09
3.778199079341271877e+09
3.898135553077559471e+09
4.021659794042110920e+09
4.148882011209038734e+09
4.279900287542708397e+09
4.414839340961201668e+09
4.553811290797616005e+09
4.696928342152799606e+09
4.844310114490205765e+09
4.996080059465949059e+09
5.152366535922914505e+09
5.313299264708456039e+09
5.479014765396125793e+09
5.649650042784063339e+09
5.825349480254486084e+09
6.006258121418433189e+09
6.192528214486742020e+09
6.384313323797066689e+09
6.581309004830427170e+09
