0.000000000000000000e+00
3.149390421723172665e+08
6.217023592937692404e+08
9.189036251784751415e+08
1.206311979169786692e+09
1.483979130115809917e+09
1.752064696513356209e+09
2.010808544556910992e+09
2.260493014845138550e+09
2.501464288960956573e+09
2.734008581558685303e+09
2.959505166119710445e+09
3.176152453576181889e+09
3.385306278055240631e+09
3.587179763738404274e+09
3.782176745237249374e+09
3.970434659289211273e+09
4.152275186603245258e+09
4.328102755369139671e+09
4.497774500504166603e+09
4.661808026935584068e+09
4.820213971305208206e+09
4.973298727596793175e+09
5.121252753337942123e+09
5.264211443312210083e+09
5.402455654344789505e+09
5.536005849435659409e+09
5.665103130906691551e+09
5.790021344165315628e+09
5.910638889184679031e+09
6.027247051795470238e+09
6.139981945816133499e+09
6.248991264561817169e+09
6.354358742523825645e+09
6.456233105698869705e+09
6.554731644609231949e+09
6.649967496976892471e+09
6.742061037892196655e+09
6.831084668785835266e+09
6.917164005768637657e+09
7.000397210621217728e+09
7.080879083985876083e+09
7.158701199581265450e+09
7.233952028523502350e+09
7.306717055193346024e+09
7.377036407663055420e+09
7.445074686491035461e+09
7.510869416551683426e+09
7.574491584271280289e+09
7.636013398243511200e+09
7.695668273239835739e+09
7.753128068802185059e+09
7.808776750017834663e+09
7.862589649173213959e+09
7.914627713659980774e+09
7.964949841466719627e+09
8.013453787705998421e+09
8.060509790865137100e+09
8.106015059758113861e+09
8.150020998908811569e+09
8.192495833031299591e+09
8.233647983054136276e+09
8.273445137826616287e+09
8.311932118896725655e+09
8.349082673034423828e+09
8.385071950946063995e+09
8.419877504233285904e+09
8.453495998594399452e+09
8.486046514737488747e+09
8.517527087385187149e+09
8.547923542325070381e+09
8.577361522632287025e+09
8.605763852586494446e+09
8.633296149079292297e+09
8.659924931520921707e+09
8.685640230111228943e+09
8.710541893998636246e+09
8.734591634717664719e+09
8.757883174524564743e+09
8.780330519452520370e+09
8.802111912032627106e+09
8.823143992298196793e+09
8.843518700818550110e+09
8.863175235333013535e+09
8.882230073857858658e+09
8.900653320694053650e+09
8.918376764734949112e+09
8.935611243979557037e+09
8.952257679780918121e+09
8.968272235532991409e+09
8.983861854815279007e+09
8.998919465257141113e+09
9.013416595201436996e+09
9.027520276767971039e+09
9.041154798012334824e+09
9.054301064129850388e+09
9.067025940796239853e+09
9.079282523254404068e+09
9.091217747056436539e+09
9.102694395376310349e+09
9.113835388726789474e+09
9.124617875840209961e+09
9.135027830662206650e+09
9.145111803995658875e+09
9.154849524979232788e+09
9.164285382723854065e+09
9.173402037077796936e+09
9.182234969987735748e+09
9.190774930402700424e+09
9.199045843373523712e+09
9.207034931902660370e+09
9.214760110965639114e+09
9.222245669624612808e+09
9.229487816776342392e+09
9.236494794104110718e+09
9.243279224620447159e+09
9.249843546437969208e+09
9.256194583504379272e+09
9.262339002215734482e+09
9.268283303521284103e+09
9.274033818274097443e+09
9.279596704945991516e+09
