0.000000000000000000e+00
5.862270132797891274e+06
1.192359608423650265e+07
1.819128555733174831e+07
2.467302481245391443e+07
3.137680469819730148e+07
3.831085573065509647e+07
4.548358459009449184e+07
5.290351634356115013e+07
6.057925280344177783e+07
6.852111723537999392e+07
7.681334582765835524e+07
8.530916614127255976e+07
9.409428994228641689e+07
1.031811087330323458e+08
1.125728270350584537e+08
1.222894321286612898e+08
1.323308026309831738e+08
1.427146107944894731e+08
1.534485739137112498e+08
1.645461038942080140e+08
1.760321839339057505e+08
1.878950876562958360e+08
2.001615495836860538e+08
2.128666619028457403e+08
2.259753945098612905e+08
2.395298295683750510e+08
2.535588506723858416e+08
2.680472132699539959e+08
2.830279058088055849e+08
2.985575228455559611e+08
3.145671228736581206e+08
3.311207650723082423e+08
3.482368237959399819e+08
3.659340938457792401e+08
3.842295923507222533e+08
4.031465761093585491e+08
4.227161618394619823e+08
4.429335534525914192e+08
4.638378881178810596e+08
4.854622036606745124e+08
5.078076484688698053e+08
5.309122965936772823e+08
5.548267736451385021e+08
5.795208630162354708e+08
6.050541735034193993e+08
6.314669872997531891e+08
6.587613405562105179e+08
6.869832601188522577e+08
7.161775611492671967e+08
7.460999990747835636e+08
7.772796481692008972e+08
8.095160048533637524e+08
8.428470567192673683e+08
8.773601547739753723e+08
9.129867997631176710e+08
9.498247807501391172e+08
9.879180378871313334e+08
1.027298753791811347e+09
1.068065881843736410e+09
1.110160070300174952e+09
1.153728741975922346e+09
1.198729347635217667e+09
1.245260382993723154e+09
1.293375346396014214e+09
1.343113890133537769e+09
1.394552842370782614e+09
1.447726588949864864e+09
1.502734503865790367e+09
1.559574746370013714e+09
1.618361128949855804e+09
1.679128005125619173e+09
1.741977579136580229e+09
1.806935724032349586e+09
1.874102597466902494e+09
1.943662333171855450e+09
2.015456786675857544e+09
2.089732330426998615e+09
2.166488535417122364e+09
2.245886216996659279e+09
2.328008082858381271e+09
2.412844941374434471e+09
2.500640006956662178e+09
2.591332174052876472e+09
2.685110191854776382e+09
2.782159402047105789e+09
2.882402416353246689e+09
2.986055520396708488e+09
3.093305312632233143e+09
3.204188217810564518e+09
3.318751309680873871e+09
3.437251032121147156e+09
3.559779805338562012e+09
3.686596643633291721e+09
3.817516865201284885e+09
3.952909339705830574e+09
4.092972465156816483e+09
4.237762180413599014e+09
4.387599767957405090e+09
4.543368118137439728e+09
4.703394040371854782e+09
4.868900475882806778e+09
5.040007602779420853e+09
5.217007669718549728e+09
5.399954848389093399e+09
5.589227061083344460e+09
5.784824521022953033e+09
5.987199627154469490e+09
6.196178284342252731e+09
6.412263041254702568e+09
6.635685756581381798e+09
6.866693713348265648e+09
7.105547107725760460e+09
7.352502830103948593e+09
7.607838521165012360e+09
7.872122596158657074e+09
8.145201220969797134e+09
8.427671362680042267e+09
8.719574980543970108e+09
9.021477853493610382e+09
9.333499651264558792e+09
9.656164209978923798e+09
