0.000000000000000000e+00
4.878353108434692444e+02
6.482730030468233053e+03
2.873545377814225867e+04
8.132903984723486064e+04
1.799655263428038452e+05
3.404967903052315814e+05
5.774863477040645666e+05
9.028557924026336987e+05
1.324809920556680765e+06
1.878685970116016688e+06
2.456938588285868987e+06
3.148773525509906467e+06
3.868307659598333295e+06
4.758485858131022193e+06
5.549274243722415529e+06
6.494467163717702031e+06
7.385489490515327081e+06
8.349246041323706508e+06
9.523640360264403746e+06
1.051257487298646197e+07
1.170427284285397269e+07
1.276882760961835086e+07
1.389927682658864371e+07
1.540309386016612127e+07
1.654463638562076911e+07
1.775281983831884339e+07
1.920971710989559069e+07
2.049157278706621379e+07
2.184210852874667943e+07
2.369292331668426469e+07
2.505955557882445306e+07
2.650060091267791018e+07
2.801729138510996476e+07
2.979987951118266955e+07
3.141064733393457532e+07
3.310335366317504644e+07
3.532601700404600799e+07
3.706070488124568760e+07
3.888774804083828628e+07
4.106411228537369519e+07
4.301662680447532982e+07
4.507145792351631075e+07
4.779316143994668871e+07
4.992157010063736141e+07
5.216640053960771114e+07
5.483133815396792442e+07
5.724659517733547091e+07
5.979216484139009565e+07
6.309241816869885474e+07
6.572939661050702631e+07
6.854090924368873239e+07
7.181635957067357004e+07
7.485935811444750428e+07
7.883931805151103437e+07
8.204685136760924757e+07
8.543835041652534902e+07
8.938283750906479359e+07
9.307073130901786685e+07
9.781220276950123906e+07
1.017254020053504258e+08
1.063447757943449318e+08
1.106167186884596050e+08
1.151358730061854720e+08
1.207444114448156059e+08
1.255680210257329345e+08
1.311245291763207912e+08
1.364053191373409033e+08
1.429498534834456146e+08
1.486084176876690984e+08
1.550983365122989416e+08
1.613084351834997833e+08
1.688939492161377072e+08
1.755719568156863153e+08
1.831504210353072584e+08
1.917788354283605814e+08
1.992491464409280121e+08
2.077947369635269642e+08
2.160249546222007275e+08
2.259355263191745579e+08
2.355591643506347537e+08
2.448152781876291633e+08
2.559799888331225514e+08
2.660072168329237401e+08
2.772511841861034036e+08
2.897850809825012684e+08
3.011176288562080860e+08
3.137792070793670416e+08
3.278155433891924024e+08
3.415224044527103901e+08
3.549141173196896911e+08
3.706079671418830156e+08
3.860351354552490115e+08
4.031447244679609537e+08
4.187802698764345050e+08
4.361536801212663651e+08
4.552273529255797863e+08
4.740094500322937965e+08
4.947190736259999871e+08
5.140874438681943417e+08
5.352633581263961196e+08
5.583332184855761528e+08
5.812221698617056608e+08
6.062067139535392523e+08
6.309448253008829355e+08
6.579718963662177324e+08
6.847082790505735874e+08
7.139179005520941019e+08
7.415286788572824001e+08
7.717128229907144308e+08
8.042408440201975107e+08
8.368775594544088840e+08
8.720092164608575106e+08
9.073027062032334805e+08
9.452305153204959631e+08
9.862841843324344158e+08
1.025777550412696242e+09
1.068501154161777854e+09
1.111223730395439625e+09
1.157290092955062866e+09
1.203515541189206362e+09
1.253184313716947794e+09
