0.000000000000000000e+00
8.610262113420142233e+07
2.292303932632817030e+08
3.810227710294991136e+08
5.288857664544999003e+08
6.662160043810405731e+08
7.895953620232009888e+08
8.979146976516597271e+08
9.919698535235118866e+08
1.071772604557065964e+09
1.138987934115810871e+09
1.194432983328511953e+09
1.239535087652542114e+09
1.274344830145736456e+09
1.300090601054899216e+09
1.320127308202069998e+09
1.332084704832104445e+09
1.339322425164002895e+09
1.342984330807712793e+09
1.340145820175720692e+09
1.334976821824390411e+09
1.325734130907314301e+09
1.314183098919239283e+09
1.301855203625068665e+09
1.285901468167652369e+09
1.269445400224841595e+09
1.250682648898313284e+09
1.231017359977364063e+09
1.212361686868479013e+09
1.190839544874350071e+09
1.168904265175082207e+09
1.146665316622696400e+09
1.125041807315522671e+09
1.102273053496102571e+09
1.079465499298537254e+09
1.056677057839651465e+09
1.033957358039947033e+09
1.013127335247766733e+09
9.904488891471644640e+08
9.679930433571358919e+08
9.457857706233279705e+08
9.238492373158322573e+08
9.022024297271271944e+08
8.808616459602243900e+08
8.598408805582669973e+08
8.372057234216917753e+08
8.169304309782084227e+08
7.969877224073045254e+08
7.773843103649296761e+08
7.581289312265868187e+08
7.394161368674486876e+08
7.198947335349603891e+08
7.017161489465928078e+08
6.839028361199388504e+08
6.664582626212294102e+08
6.493847483041788340e+08
6.307631881165279150e+08
6.143723984909744263e+08
5.983558710197819471e+08
5.827127996136245728e+08
5.665040348650002480e+08
5.515514625439386368e+08
5.369703380366544724e+08
5.227565873997222185e+08
5.070065506425931454e+08
4.933931784028431773e+08
4.801481817100539207e+08
4.663389441306125522e+08
4.537384282477206588e+08
4.414943110404581428e+08
4.277544080801711679e+08
4.160484908541132808e+08
4.038460630268384814e+08
3.927496833916978836e+08
3.819993653434107304e+08
3.698104698383074403e+08
3.595536399374803901e+08
3.487922990817453861e+08
3.391124958713762164e+08
3.281339121058424115e+08
3.189136591144812107e+08
3.092317961519293785e+08
3.005666471116724610e+08
2.906507468041073680e+08
2.824237121440907717e+08
2.737319323385010362e+08
2.646567990957079828e+08
2.570664486889304817e+08
2.490868554141752422e+08
2.407672214375676811e+08
2.337993839340749383e+08
2.264871651338815093e+08
2.188540489511719346e+08
2.124986334467182457e+08
2.058185884458968937e+08
1.988213307986969054e+08
1.925490106110861301e+08
1.860449305181898475e+08
1.805944248691550195e+08
1.748580351889154613e+08
1.689260931651183367e+08
1.636209075690873861e+08
1.581266718864625096e+08
1.531907628485994339e+08
1.481164096012427211e+08
1.435436807585758567e+08
1.388768956952884793e+08
1.346623827583792508e+08
1.303948453127208799e+08
1.265336832688042372e+08
1.225100540070398152e+08
1.188876678102065325e+08
1.155557400743189007e+08
1.123214930544973165e+08
1.092819807178606838e+08
1.064828840465613306e+08
1.038232622167430967e+08
1.012904451317309141e+08
9.887355327722822130e+07
9.656316561138644814e+07
9.435106133231742680e+07
9.223001663776652515e+07
