0.000000000000000000e+00
1.880876870339569170e+06
7.804894986028471962e+06
1.832982636149194464e+07
3.348230446848125011e+07
5.307671810893008113e+07
7.696042463556216657e+07
1.048352390263837874e+08
1.363612299233132005e+08
1.712630243074480295e+08
2.092096743188846707e+08
2.499644367080076337e+08
2.931891264344363809e+08
3.386791436077923775e+08
3.861383700197920799e+08
4.354365875065243840e+08
4.862001607634499073e+08
5.383289841177881956e+08
5.917410693485378027e+08
6.461110465614471436e+08
7.013830920879580975e+08
7.575328349020621777e+08
8.142436683702723980e+08
8.715120392286087275e+08
9.291581752806383371e+08
9.872730070843396187e+08
1.045583608383391023e+09
1.104120738920067310e+09
1.162724128665637732e+09
1.221348083530375957e+09
1.280101301163519382e+09
1.338753939096182108e+09
1.397270884842212439e+09
1.455695638070491791e+09
1.513905905863134384e+09
1.571872818977401018e+09
1.629740997404919863e+09
1.687293891679156542e+09
1.744510580209800720e+09
1.801371238054339647e+09
1.857950060387526035e+09
1.914130609859719515e+09
1.969897499104793310e+09
2.025236339014445543e+09
2.080133736710846424e+09
2.134577295721074343e+09
2.188555614986785412e+09
2.242058284524051666e+09
2.295075876479146004e+09
2.347599931029671669e+09
2.399628045273116589e+09
2.451149756980436325e+09
2.502159882998311520e+09
2.552654082255601406e+09
2.602533084456453323e+09
2.651885859821042538e+09
2.700710745413837910e+09
2.749006587862591267e+09
2.796576908062726498e+09
2.843607989672565460e+09
2.890006492470527649e+09
2.935863765115987778e+09
2.980996465041381359e+09
3.025582166437501431e+09
3.069536279542752266e+09
3.112946101178093433e+09
3.155817596062190533e+09
3.197975000118773937e+09
3.239592970461327553e+09
3.280592020058775902e+09
3.321059979770130157e+09
3.360839138577217102e+09
3.400089123613136292e+09
3.438739326130548477e+09
3.476872493435924530e+09
3.514342540277732849e+09
3.551300695309725285e+09
3.587681354932440281e+09
3.623565786852735996e+09
3.658812409715761662e+09
3.693502250261757851e+09
3.727708854316401005e+09
3.761306680580842018e+09
3.794369134527482033e+09
3.826964615947789192e+09
3.858978794948172092e+09
3.890480069721416473e+09
3.921533824625265598e+09
3.952032965219314098e+09
3.982043108942810059e+09
4.011525330298263073e+09
4.040582395887493134e+09
4.069175835020127296e+09
4.097267272302894592e+09
4.124912800872549534e+09
4.152081095292442322e+09
4.178821568331434727e+09
4.205108889370706558e+09
4.230987043504784584e+09
4.256432192581313610e+09
4.281487602875762463e+09
4.306137664153170586e+09
4.330417979085791588e+09
4.354317249075106621e+09
4.377867332825900078e+09
4.401061189328124046e+09
4.423902405822268486e+09
4.446427001732240677e+09
4.468638813241732597e+09
4.490551170675134659e+09
4.512182222648048401e+09
4.533540885022162437e+09
4.554635316041087151e+09
4.575473020617843628e+09
4.596060936659772873e+09
4.616405507067658424e+09
4.636512740202600479e+09
4.656388260990333557e+09
4.676037354365351677e+09
4.695465002402910233e+09
4.714675916215616226e+09
4.733674563481271744e+09
