7.439730440666225686e-01
8.161117844441253544e-01
8.864507752963338705e-01
9.553837528675758195e-01
1.023200130953596076e+00
1.090119014067281622e+00
1.156310211434829816e+00
1.221907845082833566e+00
1.287019507986120193e+00
1.351732628738129494e+00
1.416119017030605942e+00
1.480238186812347978e+00
1.544139835723867149e+00
1.607865728284317619e+00
1.671451148905158446e+00
1.734926038791406055e+00
1.798315896699007599e+00
1.861642500658617472e+00
1.924924492135524634e+00
1.988177853195665756e+00
2.051416299524348563e+00
2.114651606588348720e+00
2.177893882179340768e+00
2.241151795582632111e+00
2.304432771377040279e+00
2.367743154180382170e+00
2.431088349363855095e+00
2.494472943763450523e+00
2.557900809642904782e+00
2.621375194556081034e+00
2.684898799277445125e+00
2.748473845587825259e+00
2.812102135396876257e+00
2.875785102437037555e+00
2.939523857563449027e+00
3.003319228530822116e+00
3.067171794983894806e+00
3.131081919287233006e+00
3.195049773728111830e+00
3.259075364549476994e+00
3.323158553205673993e+00
3.387299075179579511e+00
3.451496556654000791e+00
3.515750529291527648e+00
3.580060443343878962e+00
3.644425679283686215e+00
3.708845558127379149e+00
3.773319350597055699e+00
3.837846285251230949e+00
3.902425555698822102e+00
3.967056326997234539e+00
4.031737741323629720e+00
4.096468922998263373e+00
4.161248982929775408e+00
4.226077022544482809e+00
4.290952137254818943e+00
4.355873419516013811e+00
4.420839961514698047e+00
4.485850857528495439e+00
4.550905205991369940e+00
4.616002111295857802e+00
4.681140685360017706e+00
4.746320048983998952e+00
4.811539333018531650e+00
4.876797679365339810e+00
4.942094241827384771e+00
5.007428186825039873e+00
5.072798693992613295e+00
5.138204956668205980e+00
5.203646182288517608e+00
5.269121592699065992e+00
5.334630424389238179e+00
5.400171928660595810e+00
5.465745371736026925e+00
5.531350034816596484e+00
5.596985214092194738e+00
5.662650220711521243e+00
5.728344380716336559e+00
5.794067034944475836e+00
5.859817538905542911e+00
5.925595262632984195e+00
5.991399590515650964e+00
6.057229921111835225e+00
6.123085666948290928e+00
6.188966254306640380e+00
6.254871122999170474e+00
6.320799726135928331e+00
6.386751529884750589e+00
6.452726013225716706e+00
6.518722667701355888e+00
6.584740997163765819e+00
6.650780517519680579e+00
6.716840756474467433e+00
6.782921253275784323e+00
6.849021558457700998e+00
6.915141233585878844e+00
6.981279851004363657e+00
7.047436993584504705e+00
7.113612254476409547e+00
7.179805236863290752e+00
7.246015553719050040e+00
7.312242827569331638e+00
7.378486690256307767e+00
7.444746782707375665e+00
7.511022754707921578e+00
7.577314264678260081e+00
7.643620979454912145e+00
7.709942574076222854e+00
7.776278731572436875e+00
7.842629142760245031e+00
7.908993506041799293e+00
7.975371527208277911e+00
8.041762919247881669e+00
8.108167402158374060e+00
8.174584702764015276e+00
8.241014554536937098e+00
8.307456697422887615e+00
8.373910877671265851e+00
8.440376847669444516e+00
8.506854365781274296e+00
8.573343196189721738e+00
