nan
1.140149852302305371e+05
1.182931244684504054e+05
1.225569602988445113e+05
1.267749807821264985e+05
1.310413051191835257e+05
1.353677023227636237e+05
1.397493947996156057e+05
1.441822372223343118e+05
1.486676054734848440e+05
1.532014495897839370e+05
1.577740215073268046e+05
1.623910392511087121e+05
1.670552729145140038e+05
1.717652226383869129e+05
1.765181312150802114e+05
1.813201516529975052e+05
1.861692000049470225e+05
1.910659961844035133e+05
1.960084981043342268e+05
2.009966165206803125e+05
2.060304800034623186e+05
2.111050784132421250e+05
2.162224631590212812e+05
2.213838954142205766e+05
2.265891302333458152e+05
2.318387870811505709e+05
2.371306745841123338e+05
2.424665499726981507e+05
2.478461976210542489e+05
2.532679260441218794e+05
2.587325518545719679e+05
2.642384548394432641e+05
2.697836687122958247e+05
2.753694492574006435e+05
2.809954343550018966e+05
2.866624745779626537e+05
2.923705086800062563e+05
2.981178591195301851e+05
3.039050014502240228e+05
3.097321375261584180e+05
3.155978505184036912e+05
3.215027508686418878e+05
3.274451180208666483e+05
3.334241564303983469e+05
3.394400963983647525e+05
3.454920167296269210e+05
3.515819075399154099e+05
3.577080715362781193e+05
3.638701129099514219e+05
3.700677338379272842e+05
3.763006848109117709e+05
3.825697354193709325e+05
3.888726676106503000e+05
3.952089597524542478e+05
4.015782807095371536e+05
4.079808243740000180e+05
4.144159030638482654e+05
4.208829979979816708e+05
4.273828030745382421e+05
4.339139722841983894e+05
4.404774316967091872e+05
4.470715940274978057e+05
4.536967049830214237e+05
4.603515703564650030e+05
4.670359832111346186e+05
4.737496454255430144e+05
4.804919012885660632e+05
4.872622310315498617e+05
4.940606282415031455e+05
5.008870486326418468e+05
5.077407479311631178e+05
5.146222863192473305e+05
5.215300566172196413e+05
5.284643687627948821e+05
5.354246850396236405e+05
5.424100878574507078e+05
5.494204813293605112e+05
5.564554153248468647e+05
5.635143870158853242e+05
5.705969201158572687e+05
5.777028471013230737e+05
5.848326590229761787e+05
5.919852164536801865e+05
5.991605054202689789e+05
6.063579645471014082e+05
6.135772248170416569e+05
6.208180901210325537e+05
6.280794958005091175e+05
6.353618130399972433e+05
6.426640948857320473e+05
6.499859651686974103e+05
6.573273191733235726e+05
6.646883573021014454e+05
6.720681207182412036e+05
6.794672777885962278e+05
6.868843842783913715e+05
6.943198976687804097e+05
7.017731800228786888e+05
7.092435383571875282e+05
7.167311443118172465e+05
7.242351457049412420e+05
7.317552648349084193e+05
7.392911442682927009e+05
7.468428658838589909e+05
7.544103232684392715e+05
7.619930818338829558e+05
7.695910351368288975e+05
7.772039489690185292e+05
7.848314121016585268e+05
7.924728795829223236e+05
8.001278796395573299e+05
8.077967516952039441e+05
8.154782483093775809e+05
8.231722849861219293e+05
8.308791945177243324e+05
8.385988676881680731e+05
8.463307432223475771e+05
8.540754363872704562e+05
8.618317373027052963e+05
8.695997158362580230e+05
8.773790774407957215e+05
