nan
1.171474905338678655e+05
1.251488700337753107e+05
1.332123889965566923e+05
1.412873464042017586e+05
1.493551035917371919e+05
1.574122665528009238e+05
1.654543522134205559e+05
1.734776199128450244e+05
1.814815952035119990e+05
1.894647307971894334e+05
1.975334277117349266e+05
2.054715997342611954e+05
2.133885475396577094e+05
2.212796628630723571e+05
2.291511636192358274e+05
2.369909915327407070e+05
2.448052189685131307e+05
2.525985783182465238e+05
2.603607019507551158e+05
2.680962167875262094e+05
2.758114078227790887e+05
2.834947433161180816e+05
2.911515470577246742e+05
2.987782421495381277e+05
3.063835802791314782e+05
3.139578624737065984e+05
3.215061643971806043e+05
3.290240246986987186e+05
3.365132684563480434e+05
3.439799223980467650e+05
3.514166624182689120e+05
3.588244840448116302e+05
3.662062611104704556e+05
3.735591628126619034e+05
3.808834044232956367e+05
3.881845048686435912e+05
3.954567460708832368e+05
4.027004734876203584e+05
4.099159755177863408e+05
4.171055106114548398e+05
4.242667575262188911e+05
4.313999468722389429e+05
4.385052592876616982e+05
4.455828329034998897e+05
4.526327702798999380e+05
4.596551446979781031e+05
4.666500057543356670e+05
4.736173842517321464e+05
4.805572964114836068e+05
4.873837941641917569e+05
4.942684669168109540e+05
5.011255115077258088e+05
5.079548687909457949e+05
5.147565128441092093e+05
5.215305270836043637e+05
5.282767171344986418e+05
5.349950725809853757e+05
5.416870362391733797e+05
5.483511422801598674e+05
5.549883439412143780e+05
5.615977690508736996e+05
5.681823182344236411e+05
5.747391685737346997e+05
5.812702610087011708e+05
5.877732604917432182e+05
5.942480083956395974e+05
6.006992074516463326e+05
6.071223532454326050e+05
6.135201664220632520e+05
6.198892299495092593e+05
6.262353140089967055e+05
6.325531446601942880e+05
6.388457272531611379e+05
6.451093947148193838e+05
6.513504399655747693e+05
6.575628846385771176e+05
6.637500545138061279e+05
6.699077649506380549e+05
6.760432685837318422e+05
6.821534233930126065e+05
6.882340200183655834e+05
6.942923439180701971e+05
7.003251898491563043e+05
7.063283492058534175e+05
7.123091724610609235e+05
7.182643281871726504e+05
7.241896696788975969e+05
7.300926187428074190e+05
7.359695174500853755e+05
7.418234046181431040e+05
7.476480941228007432e+05
7.534463206109207822e+05
7.592218545740540139e+05
7.649709093531058170e+05
7.706969000113540096e+05
7.763964486685979646e+05
7.820726203416935168e+05
7.877224160363631090e+05
7.934121663481892319e+05
7.990119289782757405e+05
8.045878955360798864e+05
8.101378282926308457e+05
8.156638573050127598e+05
8.211641992978380295e+05
8.266406224050277378e+05
8.320941227758132154e+05
8.375226006261800649e+05
8.429269465582495322e+05
8.483070153802571585e+05
8.536620832803460071e+05
8.589922176591500174e+05
8.642974805159576936e+05
8.695779293751809746e+05
8.748336180164676625e+05
8.800645970564879244e+05
8.852709144172869856e+05
8.904526157069999026e+05
8.956097445322393905e+05
9.007423427567308536e+05
9.058504507173112361e+05
9.109341074059413513e+05
