nan
1.127029173647289426e+05
1.166484445106561470e+05
1.206038088988139352e+05
1.245476664757032268e+05
1.284712179980696092e+05
1.323653939606342174e+05
1.362231875659552170e+05
1.400434843244993826e+05
1.438237430968242697e+05
1.475636988735315972e+05
1.512602054656004475e+05
1.549181289083216980e+05
1.585289076416723547e+05
1.620900823633557011e+05
1.656114505403355288e+05
1.690807219922639779e+05
1.725055872761225910e+05
1.758923206397076428e+05
1.792274183846252854e+05
1.825120446518250392e+05
1.857537809337394719e+05
1.889482037424957671e+05
1.921036247342177958e+05
1.952105885419035039e+05
1.982738620699409803e+05
2.012910752591874916e+05
2.042630027681897336e+05
2.071987988341430319e+05
2.100880721201321867e+05
2.129320911374536809e+05
2.157315337199413916e+05
2.184909537640112394e+05
2.212062444550191285e+05
2.238790708791455254e+05
2.265099808644782170e+05
2.290993409705873346e+05
2.316557022747416922e+05
2.341704551142931159e+05
2.366442390996497707e+05
2.390776068021394312e+05
2.414712240745452291e+05
2.438257191748052137e+05
2.461416181125502335e+05
2.484193109887340688e+05
2.506592453193661931e+05
2.528619938920792483e+05
2.550280287428181618e+05
2.571578288023209025e+05
2.592518487680160324e+05
2.613109958981468808e+05
2.633360367505610920e+05
2.653200960939823999e+05
2.672702466909263749e+05
2.691868630851542694e+05
2.710674377081158455e+05
2.729157109360074392e+05
2.747317916568853543e+05
2.765108377926639514e+05
2.782580708769875928e+05
2.799747545638283482e+05
2.816610543101979420e+05
2.833148265126314363e+05
2.849388379920809530e+05
2.865335380565337255e+05
2.880952167782594333e+05
2.896281223549785791e+05
2.911331271822485724e+05
2.926086809232938103e+05
2.940567411812695209e+05
2.954750763276959187e+05
2.968664633644478745e+05
2.982315669266491313e+05
2.995695123441906180e+05
3.008818387770265108e+05
3.021670407304454711e+05
3.034271754554156796e+05
3.046620703782816418e+05
3.058726288104751147e+05
3.070582436149657588e+05
3.082201613504512934e+05
3.093584196333449800e+05
3.104736917783756508e+05
3.115658822851006989e+05
3.126356434402293526e+05
3.136832593761057942e+05
3.147090713671385893e+05
3.157134668621387682e+05
3.166967778404208366e+05
3.176591288569210446e+05
3.186013890337243211e+05
3.195236063379648840e+05
3.204257184896389372e+05
3.213088879760235432e+05
3.221730070197784225e+05
3.230189853610351565e+05
3.238459522521548788e+05
3.246547715320213465e+05
3.254463916957371985e+05
3.262205739050217089e+05
3.269781267649186775e+05
3.277187927187550231e+05
3.284434894165563164e+05
3.291518326078900718e+05
3.298447862014042330e+05
3.305219274725520518e+05
3.311842324554363731e+05
3.318312307801389252e+05
3.324639221626163926e+05
3.330819871999236057e+05
3.336862693604272790e+05
3.342773605521998252e+05
3.348547954388282378e+05
3.354191683563268743e+05
3.359705405567622511e+05
3.365092604392456706e+05
3.370354268542956561e+05
3.375493024645723053e+05
3.380511585845233058e+05
3.385412532655017567e+05
3.390198383403634652e+05
3.394871652351341909e+05
