nan
9.726592575253164563e-01
9.493563601593213441e-01
9.243872291829129395e-01
8.986810498782593637e-01
8.728381660369598505e-01
8.473004480215742262e-01
8.223493077307315602e-01
7.981326513387964061e-01
7.747659331038183606e-01
7.522913204511711971e-01
7.307488274369723369e-01
7.101183758815996505e-01
6.904065158286973869e-01
6.716040484851034664e-01
6.536472702437886584e-01
6.365286907739088340e-01
6.201995837534578504e-01
6.046029376115609200e-01
5.897331608628698651e-01
5.755437751854983741e-01
5.619919830212243284e-01
5.490476896439628884e-01
5.366611028563543773e-01
5.248185310315870433e-01
5.134775165378785422e-01
5.026224303484110312e-01
4.922236672492608656e-01
4.822384507093201433e-01
4.726628667211288382e-01
4.634728379538631260e-01
4.546459330136035093e-01
4.461554950136821796e-01
4.379908787061232989e-01
4.301360072693635184e-01
4.225742428408411078e-01
4.152901920896326926e-01
4.082586592574580231e-01
4.014790752013230879e-01
3.949389660794714874e-01
3.886267658885685927e-01
3.825317239550227733e-01
3.766438223178800726e-01
3.709537024083306433e-01
3.654526002919318284e-01
3.601322896699280518e-01
3.549850318190715392e-01
3.500035316702233001e-01
3.451808992719521130e-01
3.405106159462426008e-01
3.359881913011112942e-01
3.316079052109819347e-01
3.273725183321424814e-01
3.232681365337222168e-01
3.192895998170950378e-01
3.154360390826675409e-01
3.117003951640212600e-01
3.080777254537725995e-01
3.045707169359043731e-01
3.011687315928286979e-01
2.978703385159943706e-01
2.946712373025253684e-01
2.915708221751132645e-01
2.885628645503167111e-01
2.856442309972859750e-01
2.828176891849249475e-01
2.800753613116330198e-01
2.774152915977758926e-01
2.748369840641524675e-01
2.723352167208972774e-01
2.699125276104645810e-01
2.675612100580157526e-01
2.652810364543509158e-01
2.630713658928567900e-01
2.609276207775991785e-01
2.588520086042097046e-01
2.568390091197900182e-01
2.548891171594324656e-01
2.529980686770240683e-01
2.511676595620969676e-01
2.493931874561758910e-01
2.476749414538128025e-01
2.460092126041696359e-01
2.443977123051064015e-01
2.428365980637624266e-01
2.413257489177167425e-01
2.398612634751465800e-01
2.384463562751412413e-01
2.370775827730250418e-01
2.357514700218360792e-01
2.344707785664408850e-01
2.332323762065320327e-01
2.320328931820645202e-01
2.308751778214083450e-01
2.297560410415294407e-01
2.286755672688143837e-01
2.276302482393471049e-01
2.266197653450320315e-01
2.256445330161017115e-01
2.247019971133214500e-01
2.237922637880210841e-01
2.229129444127801729e-01
2.220638512270979859e-01
2.212428088642388324e-01
2.204494605409431096e-01
2.196817447153262826e-01
2.189392068495223109e-01
2.182199840905627020e-01
2.175232071046699633e-01
2.168470762065567992e-01
2.161906415672354975e-01
2.155521591383355307e-01
2.149307404736369442e-01
2.143245274478748907e-01
2.137319867921938787e-01
2.131519382802664342e-01
2.125832269491069182e-01
2.120249447473006033e-01
2.114763014595314183e-01
2.109366060710489987e-01
2.104052516520808769e-01
2.098817029762833353e-01
