nan
9.999782692777658966e-01
9.998928637135174879e-01
9.997047167048094263e-01
9.993782171812982673e-01
9.988831224303629241e-01
9.981946260265783799e-01
9.972935994346661115e-01
9.961666810766797164e-01
9.948064460253850383e-01
9.932106942122345128e-01
9.913820527656901360e-01
9.893276036874287804e-01
9.870691120385736150e-01
9.846391195726252876e-01
9.820465480111297829e-01
9.793212007566024502e-01
9.764721862814949027e-01
9.735217893258367727e-01
9.705054492072752170e-01
9.674275651425865430e-01
9.642973690525016295e-01
9.611298866398337859e-01
9.579287572033758913e-01
9.546988241863134661e-01
9.514705748611191893e-01
9.482457576734870663e-01
9.450252580043224659e-01
9.418142134207757588e-01
9.386179931622584682e-01
9.354368066013054595e-01
9.322698217949185739e-01
9.291315535703881245e-01
9.260263562501338530e-01
9.229540407263008284e-01
9.199118474912317822e-01
9.169035482631766598e-01
9.139288312143339921e-01
9.109849999815624599e-01
9.080739455281607864e-01
9.051997907969776547e-01
9.023658785954109529e-01
8.995679180355682369e-01
8.968052273015250098e-01
8.940788263532873925e-01
8.913857275582475204e-01
8.887262316055358768e-01
8.860963389002299850e-01
8.835050947202850447e-01
8.809471446421769381e-01
8.784207705606708050e-01
8.759258913691700954e-01
8.734570551369952307e-01
8.710146983710713720e-01
8.686054273283904115e-01
8.662253380425611882e-01
8.638720203615831705e-01
8.615433982844451499e-01
8.592347100985383568e-01
8.569482343518561862e-01
8.546878305290804834e-01
8.524496831637163874e-01
8.502323623395493524e-01
8.480329374743548199e-01
8.458490154603425237e-01
8.436834285649181808e-01
8.415346037635131893e-01
8.394024210955247645e-01
8.372852523275785552e-01
8.351765061919441679e-01
8.330820277251275163e-01
8.309989317463225555e-01
8.289287455706576546e-01
8.268625116779230177e-01
8.248087457423151081e-01
8.227628138955976889e-01
8.207262857757174901e-01
8.186910280059704892e-01
8.166657928207010642e-01
8.146465944542531368e-01
8.126330395305800813e-01
8.106196591337694324e-01
8.086121263310909191e-01
8.066075382632047486e-01
8.046059757645356303e-01
8.026026450038268312e-01
8.006037656857560858e-01
7.986035303856585665e-01
7.966020801305172538e-01
7.946026147314274590e-01
7.925982942563486455e-01
7.905935749552418512e-01
7.885896884510080751e-01
7.865797993752134953e-01
7.845694617222399581e-01
7.825586611008731319e-01
7.805410784308854932e-01
7.785231093357182219e-01
7.765005139678580193e-01
7.744705425784998987e-01
7.724381579298313927e-01
7.704059683303822181e-01
7.683636720535557130e-01
7.663179343099583152e-01
7.642646347588576416e-01
7.622096201381326486e-01
7.601510800577504501e-01
7.580828841103991467e-01
7.560090763391864588e-01
7.539300537489925791e-01
7.518438974352256166e-01
7.497515317582995609e-01
7.476569397386318983e-01
7.455573102032706512e-01
7.434496141947634085e-01
7.413351199397584246e-01
7.392137983155597780e-01
7.370856046970493125e-01
7.349514185093120044e-01
7.328103826896008588e-01
7.306640559848892602e-01
7.285107954314831158e-01
