nan
9.899208571176932869e-01
9.788079835973767517e-01
9.659692471819073534e-01
9.520036680922769889e-01
9.373313134589843498e-01
9.222491602206156491e-01
9.069930898602547309e-01
8.917183290062550283e-01
8.765653040231961013e-01
8.616119853382308014e-01
8.469373843983469818e-01
8.325771120383775870e-01
8.185649023825041226e-01
8.049425909841027016e-01
7.917261696005624128e-01
7.789231753966430194e-01
7.665340835756363491e-01
7.545558436164431226e-01
7.429796899787722841e-01
7.318014800215187909e-01
7.210070165542156184e-01
7.105800556236889776e-01
7.005109503781176139e-01
6.907882748311757748e-01
6.814046759062675207e-01
6.723470137526832424e-01
6.636052110260166614e-01
6.551667518296550030e-01
6.470181552413122317e-01
6.391462196210577762e-01
6.315373701145334806e-01
6.241829003611899518e-01
6.170693633110371223e-01
6.101861924159959205e-01
6.035239519742016112e-01
5.970749130059044285e-01
5.908331884449785631e-01
5.847889563733366103e-01
5.789332417308452605e-01
5.732579753695442593e-01
5.677540530376044003e-01
5.624143502032974418e-01
5.572335213885216687e-01
5.522034305451628544e-01
5.473176061320299546e-01
5.425713411495323157e-01
5.379596794401211302e-01
5.334769530122827064e-01
5.291194511551904345e-01
5.248821141675334978e-01
5.207595154772871604e-01
5.167465922983351945e-01
5.128393173468763777e-01
5.090335233171421336e-01
5.053246882710509258e-01
5.017091792997713240e-01
4.981852348527989749e-01
4.947502670257780677e-01
4.914010838212136689e-01
4.881339019488852293e-01
4.849457475618482172e-01
4.818338940231738921e-01
4.787953214631072152e-01
4.758272850515429808e-01
4.729274173665483638e-01
4.700933339475474315e-01
4.673233353676372603e-01
4.646159361100219987e-01
4.619694543436013157e-01
4.593820751221072696e-01
4.568515500481054037e-01
4.543758117024243592e-01
4.519530293002975707e-01
4.495814119531627573e-01
4.472595801709452479e-01
4.449861791862178562e-01
4.427597948873276956e-01
4.405789709632425000e-01
4.384425759845781423e-01
4.363496408815861760e-01
4.342990977760442517e-01
4.322896529960797984e-01
4.303199220987196649e-01
4.283887889194884502e-01
4.264951366170322000e-01
4.246379861491072494e-01
4.228165127091442210e-01
4.210298490552382145e-01
4.192771353126120149e-01
4.175576001177203622e-01
4.158706236303868486e-01
4.142155351594487001e-01
4.125915297884081290e-01
4.109976477286764185e-01
4.094331072003191685e-01
4.078972042959103650e-01
4.063892491884749658e-01
4.049086911614283579e-01
4.034549267025540620e-01
4.020274334633272550e-01
4.006257531646862380e-01
3.992494407886943431e-01
3.978980209596497675e-01
3.965709229017704285e-01
3.952674754741000718e-01
3.939870534590182993e-01
3.927291526300930036e-01
3.914932647910689401e-01
3.902792958031343074e-01
3.890869854959654872e-01
3.879158452238236632e-01
3.867654203978193594e-01
3.856353078506110643e-01
3.845251273228103006e-01
3.834345452872304771e-01
3.823632054019880933e-01
3.813106033230926895e-01
3.802763071224516955e-01
3.792599057982695698e-01
3.782610792203129901e-01
3.772799259290467444e-01
