2.706179233586250454e+00 3.047521177910420764e+00 3.252514368066528938e+00 3.639861476201988300e+00 3.750295398423244997e+00 3.898762057197555198e+00 4.010255763419658059e+00 4.522107321915421529e+00
3.131806932893676176e+00 3.542041870247213176e+00 3.793480045107366028e+00 4.280759449227834246e+00 4.424080170592218586e+00 4.617983469685698061e+00 4.763951644071571678e+00 5.393871145314560245e+00
3.622138102951280469e+00 4.114109763637470607e+00 4.420607293114076519e+00 5.029957075432786695e+00 5.213747507554898242e+00 5.464566832434169186e+00 5.654101756525651723e+00 6.434207904726829241e+00
4.185928017048228256e+00 4.774905772442587626e+00 5.147336745988034146e+00 5.905033108264393427e+00 6.138624651380056640e+00 6.460604584549758833e+00 6.703995675340364002e+00 7.677900526113453417e+00
4.833244658603184973e+00 5.537420310461191875e+00 5.988262916807706837e+00 6.926431757913072751e+00 7.220949009482863445e+00 7.630557668737324661e+00 7.940800774184650024e+00 9.160599942918343785e+00
5.577351938094065709e+00 6.416959525060983438e+00 6.961907044706086900e+00 8.116870932121011961e+00 8.486218623189314414e+00 9.003237088184910419e+00 9.396864691312160289e+00 1.092529233935689881e+01
6.432127736824056363e+00 7.430891767622982869e+00 8.087220219097529750e+00 9.503921586365406071e+00 9.963479713572040097e+00 1.061268833380014875e+01 1.110922082447398473e+01 1.302337098466165699e+01
7.412287780333110199e+00 8.598509110729413152e+00 9.386943833560788875e+00 1.111765839414437451e+01 1.168761316836684827e+01 1.249751022125984079e+01 1.312121231707056168e+01 1.551294074156926683e+01
8.536476084553656918e+00 9.942875630649643526e+00 1.088810886519436139e+01 1.299424815958412616e+01 1.369715138958244438e+01 1.470298441397624067e+01 1.548227785513307175e+01 1.846146700601101998e+01
9.824433456658571373e+00 1.148864700813352613e+01 1.261954312769754338e+01 1.517435290969878814e+01 1.603691045874501597e+01 1.728002915556600172e+01 1.824935501902402990e+01 2.194735548224320709e+01
1.130006300250189710e+01 1.326642430556283969e+01 1.461548734450341058e+01 1.770442361018088917e+01 1.875892706678859412e+01 2.028860823028526639e+01 2.148960838570895149e+01 2.605889710611684862e+01
1.298850806750082398e+01 1.530814519581177002e+01 1.691490939407312410e+01 2.063775064160233796e+01 2.192226162614559115e+01 2.379726251105033796e+01 2.527803993918026393e+01 3.089977101875451382e+01
1.492151742509034129e+01 1.765221604407907563e+01 1.956006436747479427e+01 2.403572924620781492e+01 2.559426527476358615e+01 2.788366661408764813e+01 2.970015026311774164e+01 3.658643661356472165e+01
1.713013511591131888e+01 2.034212498240497524e+01 2.260469275994672600e+01 2.796638886152828007e+01 2.985173060824481794e+01 3.263652694680507693e+01 3.485593316143491904e+01 4.325158202841569732e+01
1.965566281971664964e+01 2.342568783063197557e+01 2.610324721932085623e+01 3.251138639993764912e+01 3.478351972835231010e+01 3.815653771218973844e+01 4.085573761330174136e+01 5.104736523002306825e+01
2.253950772291831228e+01 2.695971081041989237e+01 3.012107527120811667e+01 3.775853460120106320e+01 4.048898693088938927e+01 4.455932450086170604e+01 4.782936976345909130e+01 6.014750448005752048e+01
2.583259768007570045e+01 3.100577754950012022e+01 3.473194375040912263e+01 4.381192903615902168e+01 4.708034769252142127e+01 5.197500187575836605e+01 5.591638544980885683e+01 7.074236195553170603e+01
2.959050332372038383e+01 3.563587238285052194e+01 4.001898540938743309e+01 5.078447752248988678e+01 5.468683734514542749e+01 6.054924033962944208e+01 6.528360957979296586e+01 8.305246400655143191e+01
3.387488881052771461e+01 4.093136194597807531e+01 4.607703108240102807e+01 5.880945865420179075e+01 6.345340602865036317e+01 7.045016146179159477e+01 7.611040727090737334e+01 9.732134274225667525e+01
3.875906489331384819e+01 4.698156711098593519e+01 5.301177771177996334e+01 6.803219965780640166e+01 7.353976358591863516e+01 8.185987708129121643e+01 8.860335915673502427e+01 1.138181522098981304e+02
4.432416083771977355e+01 5.389103911751068665e+01 6.094439551014969680e+01 7.861757949575311955e+01 8.513291253636485578e+01 9.499184131271807985e+01 1.029916859760629535e+02 1.328590889372971731e+02
5.066029643745591926e+01 6.177503239932102730e+01 7.000992610494665769e+01 9.075529336241160649e+01 9.843383319834774170e+01 1.100743450297836006e+02 1.195318966444172730e+02 1.547694290304098388e+02
5.786933864801259375e+01 7.076672188102084249e+01 8.035997099427130763e+01 1.046500341536720811e+02 1.136735551730354814e+02 1.273730352961466679e+02 1.385096607814227525e+02 1.799326011460760526e+02
6.607118954803047473e+01 8.100942667856892854e+01 9.216789454638256984e+01 1.205361240564068481e+02 1.311075462134417080e+02 1.471764902367950754e+02 1.602446007059252224e+02 2.087632668218228957e+02
7.539712552923758437e+01 9.267692273911285383e+01 1.056260954631460010e+02 1.386732462798622976e+02 1.510242002930406500e+02 1.698061654826105382e+02 1.850891307668903494e+02 2.417247139182091757e+02
8.599239074648161818e+01 1.059482764791027023e+02 1.209493847171958691e+02 1.593559887676071014e+02 1.737373975789766405e+02 1.956257809421720992e+02 2.134346097016014596e+02 2.793330622182756997e+02
9.802531239455929324e+01 1.210371521780788981e+02 1.383779889627327577e+02 1.829055080714285850e+02 1.996065614280365708e+02 2.250337449571798061e+02 2.457206918301681355e+02 3.221434754001869578e+02
1.116846513481039267e+02 1.381765427500867816e+02 1.581892372627576151e+02 2.096849265868656289e+02 2.290284369800949662e+02 2.584747497044886018e+02 2.824352131500145902e+02 3.707892550601853827e+02
1.271774117438855569e+02 1.576315911787244772e+02 1.806809596673008969e+02 2.400984302816479783e+02 2.624393833176462749e+02 2.964503469101735504e+02 3.241140366707790008e+02 4.259834311647157961e+02
1.447449070241861762e+02 1.797011193008227963e+02 2.061936750700912171e+02 2.745976868184586692e+02 3.003332948575893511e+02 3.395089147938855376e+02 3.713643295193091376e+02 4.884855299742475268e+02
1.646553142440849058e+02 2.047112287509780515e+02 2.351104936629795645e+02 3.136860095188229138e+02 3.432644042388319576e+02 3.882737895004908069e+02 4.248593039865486958e+02 5.592036298958375937e+02
1.872056316454829528e+02 2.330370123455345492e+02 2.678520493039989105e+02 3.579261828496453859e+02 3.918405660998530493e+02 4.434385771871348538e+02 4.853621847974962407e+02 6.391088607874120271e+02
2.127323771951770084e+02 2.650941457909938208e+02 3.048978419708278125e+02 4.079572590119270217e+02 4.467620526267319860e+02 5.057836033119867807e+02 5.537170237399687949e+02 7.293144489444540568e+02
2.416151935023052886e+02 3.013450865514028578e+02 3.467864682715243134e+02 4.644821242641728531e+02 5.088051306480430753e+02 5.761891294525185003e+02 6.308911397287265572e+02 8.311032253871674129e+02
2.742730066338183974e+02 3.423237631841724919e+02 3.941064176047320302e+02 5.283056350780781258e+02 5.788401218688908330e+02 6.556451242301571938e+02 7.179743047767470898e+02 9.458955251170408474e+02
3.111889566825708471e+02 3.886075422164328188e+02 4.475442860365088222e+02 6.003356212509540910e+02 6.578641337866953336e+02 7.452803624851787845e+02 8.161954430532849756e+02 1.075332077937418717e+03
3.528960377716642824e+02 4.408634851140853925e+02 5.078540947269075900e+02 6.815856119619469382e+02 7.470000911428572863e+02 8.463692550803086760e+02 9.269511610767560796e+02 1.221245074231268973e+03
3.999934067048566817e+02 4.998342480070776901e+02 5.758950192606699829e+02 7.732207724925078764e+02 8.475111668177707998e+02 9.603500753642329073e+02 1.051832851656359480e+03 1.385755373950123840e+03
4.531585632525650453e+02 5.663591566166553548e+02 6.526282549009483773e+02 8.765389536542768383e+02 9.608448433037526684e+02 1.088862062392618100e+03 1.192635648389236167e+03 1.571245663865606957e+03
5.131567490123813968e+02 6.413820174728426764e+02 7.391475601599717038e+02 9.930278566846077410e+02 1.088623999201272682e+03 1.233768063796569322e+03 1.351403856864929594e+03 1.780430394082046860e+03
5.808327605689087250e+02 7.259750856712372524e+02 8.366963188438145380e+02 1.124361083706301997e+03 1.232695753511105295e+03 1.397170319021233354e+03 1.530448980101817597e+03 2.016367195836407063e+03
6.571625225179817562e+02 8.213370802678277869e+02 9.466564950938993661e+02 1.272449219908934538e+03 1.395157160580901063e+03 1.581447481484411128e+03 1.732401846015054161e+03 2.282569610600674878e+03
7.432268075836617527e+02 9.288327356588856674e+02 1.070614984325101659e+03 1.439430070802631917e+03 1.578370726153584883e+03 1.789315634258185355e+03 1.960221275651701035e+03 2.582933830789696458e+03
8.402531961296141390e+02 1.050010923636015832e+03 1.210347177340673852e+03 1.627750337426485885e+03 1.785030742344599503e+03 2.023816687136160454e+03 2.217273833144928176e+03 2.921954530217917636e+03
9.496248450721711833e+02 1.186591818148899847e+03 1.367883753859767239e+03 1.840151963400212026e+03 2.018159297589080097e+03 2.288428752266069296e+03 2.507365648385338318e+03 3.304654540614982125e+03
1.072911026469276067e+03 1.340556834066244846e+03 1.545504507231382831e+03 2.079751922676845879e+03 2.281186722564668344e+03 2.587039733296943268e+03 2.834787911872079349e+03 3.736726340099998652e+03
1.211858475857126223e+03 1.514122542592329410e+03 1.745776833749276193e+03 2.350084476698839808e+03 2.578001453597746604e+03 2.924083682212559324e+03 3.204402837824501603e+03 4.224608003457025006e+03
1.368483853782333199e+03 1.709797657152552574e+03 1.971622385025549875e+03 2.655109589569784475e+03 2.912974495920593199e+03 3.304546164204357865e+03 3.621685756704167943e+03 4.775543461792415656e+03
1.545011899567383580e+03 1.930423918575252401e+03 2.226328195338887781e+03 2.999339031748094385e+03 3.291063560574918938e+03 3.734061178480274521e+03 4.092839790848992379e+03 5.397631020054439432e+03
1.743998824237978624e+03 2.179198940626455169e+03 2.513603776325154740e+03 3.387813426688084292e+03 3.717842989041535475e+03 4.218981123876087622e+03 4.624800608421896868e+03 6.099788513356731528e+03
