5.670094005973439266e+01 4.799291301369400031e+01 3.893496541190815208e+01 3.462615094734382382e+01 3.047273906027903223e+01 2.778781925470146774e+01 1.615803945521499685e+01 8.918333651308531174e+00 4.885124849486850884e+00
6.393102617438852064e+01 5.411448469205856782e+01 4.390200367369568113e+01 3.904388041165618262e+01 3.436067633682945655e+01 3.133441792176495255e+01 1.822373160636756850e+01 1.006370799947841199e+01 5.513375974221556675e+00
7.208316167032096189e+01 6.101702574763044140e+01 4.950299887820113298e+01 4.402511443142419267e+01 3.874477768455723492e+01 3.533268762038773758e+01 2.055293787883173806e+01 1.135704326637776340e+01 6.222876570010180686e+00
8.127500483026786071e+01 6.880021326078789912e+01 5.581852550989061257e+01 4.964223941394573103e+01 4.368868822281763897e+01 3.984154610265161978e+01 2.318095929077276196e+01 1.281643739497267909e+01 7.024039346933209416e+00
9.163928782917336946e+01 7.757644743956623756e+01 6.294003665254896163e+01 5.597657264885955897e+01 4.926406655893982389e+01 4.492707338731940325e+01 2.614369772595740571e+01 1.446481276784996695e+01 7.928649616430951674e+00
1.033255446190211302e+02 8.747234803184117879e+01 7.097024425584795893e+01 6.311884874437547666e+01 5.554983007040380016e+01 5.066023704331219335e+01 2.948696184333754999e+01 1.632546987966149743e+01 8.950524925472963744e+00
1.165025391056308024e+02 9.863083277667801951e+01 8.002530367505421793e+01 7.117199267762117643e+01 6.263942320647478113e+01 5.712505503340436519e+01 3.325795411966818449e+01 1.842670919362952375e+01 1.010465767211772103e+01
1.313606025758875262e+02 1.112129625686509229e+02 9.023545691427671045e+01 8.025408897462213531e+01 7.063233801106946430e+01 6.441603311067844118e+01 3.751110653649053717e+01 2.079892821740899578e+01 1.140822094884228655e+01
1.481141524259802509e+02 1.254004813320432561e+02 1.017482494047287247e+02 9.049331022508229694e+01 7.964583360443171500e+01 7.263716554040586004e+01 4.230980495421290755e+01 2.347835485686263723e+01 1.288083947634245696e+01
1.670051554700342535e+02 1.413982439055957911e+02 1.147304948555170938e+02 1.020414611773656759e+02 8.980965883187826648e+01 8.190789695224151501e+01 4.772244854173958828e+01 2.650409419214423679e+01 1.454449140473189495e+01
1.883063632213310825e+02 1.594368447688935646e+02 1.293688505911799780e+02 1.150610363195734891e+02 1.012711559818485227e+02 9.236087073774973533e+01 5.382780664376971913e+01 2.992073568644816461e+01 1.642383573718845469e+01
2.123253778782249128e+02 1.797773205209646505e+02 1.458758382932505526e+02 1.297437455114210252e+02 1.141952501939004208e+02 1.041506177879306563e+02 6.071619386254840833e+01 3.377977156475154175e+01 1.854759652709169160e+01
2.394088555667387652e+02 2.027128559173611393e+02 1.644880341681772222e+02 1.462991541815621588e+02 1.287678995168248832e+02 1.174438849911449978e+02 6.848594824034384487e+01 3.813815537754526730e+01 2.094727835759225698e+01
2.699482809049126217e+02 2.285746379405779578e+02 1.854758468012922208e+02 1.649679391348878426e+02 1.452020416305072672e+02 1.324338688145573997e+02 7.725082209855574433e+01 4.306180937522373142e+01 2.365911076208534070e+01
3.043841971033038476e+02 2.577366865129552593e+02 2.091419186140244904e+02 1.860190592826805869e+02 1.637339048833902098e+02 1.493388365313236079e+02 8.713847988757706275e+01 4.862301791474730095e+01 2.672387181343717799e+01
3.432138942731621682e+02 2.906189654567243679e+02 2.358279212752232183e+02 2.097551005250285243e+02 1.846293989843336192e+02 1.683996666979366523e+02 9.829345918383860692e+01 5.490742312508053402e+01 3.018793836263412800e+01
3.869980814695179561e+02 3.276964576932159048e+02 2.659170707538355600e+02 2.365206160317616764e+02 2.081928689879611625e+02 1.898963243989492469e+02 1.108777070264899010e+02 6.200577698652828929e+01 3.410331653893768333e+01
4.363688581987721591e+02 3.695052560860237918e+02 2.998480343944439142e+02 2.667045728495986054e+02 2.347634320533083496e+02 2.141354454859530847e+02 1.250749604638218102e+02 7.002604153017021815e+01 3.852981112761785454e+01
4.920389562971439545e+02 4.166479368075753769e+02 3.381087606210296030e+02 3.007375753422617208e+02 2.647256012757639496e+02 2.414699248123617110e+02 1.410919756909710543e+02 7.908836456519136959e+01 4.353398315519413586e+01
5.548120026770262712e+02 4.698054914979430237e+02 3.812500264992958705e+02 3.391127255439126316e+02 2.985136084449310374e+02 2.722935113582994404e+02 1.591625979382000082e+02 8.932857991468235070e+01 4.919165835983638857e+01
6.255940702969182894e+02 5.297454811472811116e+02 4.298966897806290035e+02 3.823888376880412920e+02 3.366130186938776774e+02 3.070534030586786116e+02 1.795506837828563960e+02 1.009023227461048151e+02 5.558917577274589661e+01
7.054069485675440774e+02 5.973328309357967782e+02 4.847509112729201775e+02 4.311852181615742552e+02 3.795756319975220094e+02 3.462504400391969739e+02 2.025536478204009256e+02 1.139780354358284598e+02 6.282309742744702419e+01
7.954024456101089982e+02 6.735432443288049171e+02 5.466029642518436731e+02 4.862082815530047810e+02 4.280203099512567633e+02 3.904509991030735137e+02 2.285061835543713471e+02 1.287564467555831413e+02 7.100362119394428362e+01
8.968789849748226288e+02 7.594773595330574381e+02 6.163464604332552881e+02 5.482525727280739147e+02 4.826481331325070414e+02 4.402942365754136063e+02 2.577852703170292443e+02 1.454555378858658798e+02 8.025487775239241728e+01
1.011299565661774636e+03 8.563719877665303102e+02 6.949907769529477264e+02 6.182151289609861351e+02 5.442493108783390880e+02 4.965003365461349176e+02 2.908177179656241833e+02 1.643258750879437855e+02 9.071720710276267141e+01
1.140311511276219107e+03 9.656264172632550071e+02 7.836668383431818938e+02 6.971043774469341088e+02 6.137140903075315919e+02 5.598813178809004967e+02 3.280857711540288051e+02 1.856509039012571520e+02 1.025494552647862321e+02
1.285765731055076458e+03 1.088812921585908725e+03 8.836557897971497368e+02 7.860591937323173397e+02 6.920422220457098774e+02 6.313534680964643258e+02 3.701318414384742823e+02 2.097467419133107853e+02 1.159306315383923049e+02
1.449733086202073309e+03 1.227694242416338511e+03 9.963974008759720391e+02 8.863632986967655825e+02 7.803661675200949048e+02 7.119480584882464882e+02 4.175642670792798867e+02 2.369724126961795605e+02 1.310629373383654581e+02
1.634515867238422288e+03 1.384246183517886948e+03 1.123508956113551903e+03 9.994603678134242273e+02 8.799599882280300562e+02 8.028294841889935469e+02 4.710755267293392876e+02 2.677367249553377633e+02 1.481742858376725280e+02
1.842645490666269097e+03 1.560661457624460127e+03 1.266805910009288482e+03 1.126974951414933457e+03 9.922617191428829528e+02 9.053096933227391219e+02 5.314423169122073887e+02 3.024899672371653310e+02 1.675211076927323290e+02
2.076857371997842620e+03 1.759349600020106891e+03 1.428311068960965258e+03 1.270729746682712403e+03 1.118884574812694382e+03 1.020866205850310621e+03 5.995333912957851226e+02 3.417465886452343398e+02 1.893927966724824330e+02
2.340038902101431177e+03 1.982924038745489497e+03 1.610269412312929944e+03 1.432760178182697928e+03 1.261644108664029091e+03 1.151162698359010847e+03 6.763366300219861387e+02 3.860800211623711107e+02 2.141138705110271587e+02
2.635142512937379252e+03 2.234151132821220926e+03 1.815135667288700461e+03 1.615325652913366412e+03 1.422573200726447340e+03 1.298067158163660224e+03 7.629656889483895839e+02 4.361320402822124720e+02 2.420492790514527996e+02
2.965058122815600655e+03 2.515885166558502078e+03 2.045571032579000757e+03 1.820912518003368859e+03 1.603936279723190864e+03 1.463675007914111120e+03 8.606707418819313489e+02 4.926309574226185646e+02 2.736081157451874333e+02
3.332464799255983053e+03 2.830977230486600547e+03 2.304391384583554554e+03 2.052224509375124399e+03 1.808239605052112438e+03 1.650321383205023949e+03 9.708611024393443358e+02 5.563855679495267168e+02 3.092491162273575469e+02
3.739667312018641951e+03 3.182143154732200856e+03 2.594518859629592498e+03 2.312148291791068004e+03 2.038225921372037874e+03 1.860592040418611532e+03 1.095117919887517701e+03 6.283087040644238641e+02 3.494861069454121321e+02
4.188446077426388911e+03 3.571842228621556387e+03 2.918895230310030911e+03 2.603710860809530914e+03 2.296863843513944175e+03 2.097329632614760158e+03 1.235223321649952595e+03 7.094278429103648023e+02 3.948945512629986183e+02
4.679946052067539313e+03 4.002141606333404070e+03 3.280377513877356705e+03 2.930005709867716632e+03 2.587297858782971616e+03 2.363608862319395030e+03 1.393187097839978833e+03 8.008900772641477488e+02 4.461182390092532728e+02
5.214619285779725033e+03 4.474622829181268571e+03 3.681633088769426649e+03 3.294085838016251273e+03 2.912795396191367672e+03 2.662706863362440799e+03 1.571262033758903726e+03 9.039902153870145867e+02 5.038787200356908897e+02
5.792240236894946065e+03 4.990305391610773768e+03 4.125024774575383162e+03 3.698874139610961720e+03 3.276658274759363394e+03 2.998035560436533615e+03 1.771979624206732296e+03 1.020177144136233778e+03 5.689834770909910731e+02
6.411984512022678246e+03 5.549634878884085083e+03 4.612506790066487156e+03 4.147030451728379376e+03 3.682107303128450440e+03 3.373057588773458974e+03 1.998160253198307828e+03 1.151087386127640457e+03 6.423390806045365480e+02
7.072560042049988624e+03 6.152512836460507970e+03 5.145556454938164279e+03 4.640845459132666292e+03 4.132167207743139443e+03 3.791170391324537377e+03 2.252944217606814163e+03 1.298557428592711176e+03 7.249638517924562393e+02
7.772365833291257331e+03 6.798380841858887834e+03 5.725136678623343869e+03 5.182154549627560300e+03 4.629535381144949497e+03 4.255579937256139601e+03 2.539780660444718706e+03 1.464651778365041764e+03 8.180035227393859714e+02
8.509663239454703216e+03 7.486316956460605979e+03 6.351691681342457741e+03 5.772268701582661379e+03 5.176477784194865308e+03 4.769169735972403032e+03 2.862425280429415579e+03 1.651697353318735395e+03 9.227494710810155993e+02
9.282733141970036741e+03 8.215179099265007608e+03 7.025194782398738425e+03 6.411956815213167829e+03 5.774727974203946360e+03 5.334370242549029172e+03 3.224891148178871845e+03 1.862321708223392989e+03 1.040661740186463703e+03
1.009000890583119144e+04 8.983714118932126439e+03 7.745212548321147551e+03 7.101462083689761130e+03 6.425440159637439137e+03 5.953061701272179562e+03 3.631367473850733404e+03 2.099470170134535238e+03 1.173390742792715173e+03
1.093017083797131272e+04 9.790693318484096380e+03 8.511002196286388426e+03 7.840552821591152679e+03 7.129178022157152554e+03 6.626509696842289486e+03 4.086115193575722969e+03 2.366416280926252512e+03 1.322807979206731034e+03
1.180221299058813383e+04 1.063499162279429038e+04 9.321616969233891723e+03 8.628609699260789057e+03 7.885948290098102916e+03 7.355346410065983036e+03 4.593303735984761261e+03 2.666789647021630572e+03 1.491035499263278098e+03
1.270547321639975598e+04 1.151567570640752638e+04 1.017601101758868754e+04 9.464727601410910211e+03 8.695268228488166642e+03 8.139597661592101758e+03 5.156858077428389151e+03 3.004561566609778311e+03 1.680480549303833868e+03
1.363963450792743424e+04 1.243204023294603030e+04 1.107313334626790675e+04 1.034782098777196916e+04 9.556264557896351107e+03 8.978751319231751040e+03 5.780256581304634892e+03 3.384016061958636328e+03 1.893874999228634124e+03
