1.196569875487440079e+08 1.085488447203758657e+08 9.708266370802944899e+07 7.754831572075048089e+07 6.557310300033845007e+07 5.502373536867317557e+07 5.178035418193995953e+07 4.489917061306375265e+07 3.877923230835249275e+07 3.295261295294199884e+07 3.109929669836055860e+07 1.196694834561714828e+08 1.085545760561875850e+08 9.712231356029886007e+07 7.782452382378630340e+07 6.601274954317602515e+07 5.564846348781438172e+07 5.247837773117249459e+07 4.578738706577142328e+07 3.988415844466852397e+07 3.432077171815557778e+07 3.256753637820951268e+07 1.196853762812862843e+08 1.085624906789706796e+08 9.717233195005144179e+07 7.817367857810902596e+07 6.656929506474333256e+07 5.643814943250753731e+07 5.335994585599997640e+07 4.690528698507332057e+07 4.126610953363985568e+07 3.601583943950098753e+07 3.437616517420591414e+07 1.197120144678406566e+08 1.085725360217797458e+08 9.723522779996959865e+07 7.861207821602700651e+07 6.727052727103714645e+07 5.743090332106426358e+07 5.446690363675903529e+07 4.830175158762713522e+07 4.298004062955590338e+07 3.809351676857364178e+07 3.658331541341526806e+07 1.197338493810835630e+08 1.085848747527001053e+08 9.731364134630663693e+07 7.915864595143812895e+07 6.814726867329522967e+07 5.866956264938689768e+07 5.584586939556962252e+07 5.003112827914324403e+07 4.508461476237157732e+07 4.061171095641753823e+07 3.924452867665680498e+07
1.408951034288277328e+08 1.277157709741891026e+08 1.137774222405753285e+08 8.991810098021903634e+07 7.558774459781368077e+07 6.308246033915428072e+07 5.927237775120278448e+07 5.123710112815708667e+07 4.413343690354300290e+07 3.741057181323461980e+07 3.527581065266358852e+07 1.409091051909637153e+08 1.277214381100200564e+08 1.138267713896515965e+08 9.024366829061368108e+07 7.610146415058258176e+07 6.380815101982877403e+07 6.008154473643051833e+07 5.226111015746919066e+07 4.539807435481144488e+07 3.897184865290271491e+07 3.694718593096610904e+07 1.409236818268707395e+08 1.277303175177168250e+08 1.138890508283833116e+08 9.065574516976585984e+07 7.675263302077157795e+07 6.472702105674861372e+07 6.110490467355933040e+07 5.355106849400356412e+07 4.698545854681493342e+07 4.090673194917586446e+07 3.901348002508655190e+07 1.409452321625820398e+08 1.277438216931576580e+08 1.139672751593369842e+08 9.117468042305815220e+07 7.757401719978795946e+07 6.588448050370742381e+07 6.239209078904739022e+07 5.516680837833105773e+07 4.896008898651789874e+07 4.328985669225424528e+07 4.154139059584060311e+07 1.409838776198229492e+08 1.277579158224719465e+08 1.140653161065174192e+08 9.182404217104512453e+07 7.860352594725687802e+07 6.733283613638173044e+07 6.399939992930522561e+07 5.717361741091912240e+07 5.139263468336209655e+07 4.618958568891695142e+07 4.460224066436402500e+07
1.659004916410692930e+08 1.502512310548899174e+08 1.333220168906252682e+08 1.042414121790084094e+08 8.711478102782392502e+07 7.232044736352369189e+07 6.784257820630650222e+07 5.845393507488623261e+07 5.021405348360353708e+07 4.245891636066199094e+07 4.000398297082982212e+07 1.659134286123540103e+08 1.502610521863602996e+08 1.333828238237709552e+08 1.046250848453611284e+08 8.771501415114332736e+07 7.316308292522364855e+07 6.878004256323167682e+07 5.963286630029583722e+07 5.166303456351567060e+07 4.423690520012288541e+07 4.190641061367102712e+07 1.659367492541111410e+08 1.502705339608961642e+08 1.334597053514457345e+08 1.051116530801954567e+08 8.847677523150710762e+07 7.423071140395045280e+07 6.996697105825264752e+07 6.112191259913842380e+07 5.348517924884537607e+07 4.645050949374124408e+07 4.426501308488616347e+07 1.659564516025369465e+08 1.502846104549159110e+08 1.335565390271213651e+08 1.057259608868902624e+08 8.943954090131565928e+07 7.557815586998739839e+07 7.146290371969377995e+07 6.299124371038547158e+07 5.575668035051474720e+07 4.918155759600573778e+07 4.715867223429634422e+07 1.660065253308612704e+08 1.503046120022830963e+08 1.336778189517048150e+08 1.064963967250476629e+08 9.064917964841310680e+07 7.726734313111390173e+07 7.333534822799126804e+07 6.531895919961814582e+07 5.856437560523030907e+07 5.251519583309860528e+07 5.067412970716093481e+07
1.953203397418544292e+08 1.767578120900904536e+08 1.562008180125171542e+08 1.208321560229896009e+08 1.003836688540713787e+08 8.289668937217520177e+07 7.763772424378970265e+07 6.666724386079832166e+07 5.711228311518539488e+07 4.817603765500247478e+07 4.535608146909487247e+07 1.953462796102771759e+08 1.767662911081762612e+08 1.562756655736416280e+08 1.212835658695460260e+08 1.010846553935934603e+08 8.387401000123026967e+07 7.872264308551837504e+07 6.802685125425614417e+07 5.877476625894666463e+07 5.019876541477359831e+07 4.751646803858725727e+07 1.953722911440953910e+08 1.767808836659317911e+08 1.563704185708426237e+08 1.218568619405833334e+08 1.019758826047900021e+08 8.511478196955361962e+07 8.009881969397252798e+07 6.974614131332115829e+07 6.086878026987224072e+07 5.272964342202861607e+07 5.020506383520513773e+07 1.954083212792127430e+08 1.767975459434831440e+08 1.564897337779167593e+08 1.225818215807043910e+08 1.031041033914765716e+08 8.668293067598411441e+07 8.183644198233114183e+07 7.190856305915296078e+07 6.348756609226854891e+07 5.586393372893801332e+07 5.352321504610172659e+07 1.954579321940675974e+08 1.768203042540316880e+08 1.566396053921624422e+08 1.234934155429570824e+08 1.045244393322881162e+08 8.865321812136046588e+07 8.401670548375448585e+07 7.460800388998550177e+07 6.673233638966882229e+07 5.970471290864065289e+07 5.756908376479520649e+07
2.299767586036144495e+08 2.079254823488073051e+08 1.829818695112925172e+08 1.400532373241110742e+08 1.156733632764505595e+08 9.500440313886633515e+07 8.883771815669855475e+07 7.604077817506009340e+07 6.496515412176565081e+07 5.465962103682383150e+07 5.141325739421136677e+07 2.299939692318687141e+08 2.079372421615408063e+08 1.830735476361160576e+08 1.405833171417586505e+08 1.164906396151156574e+08 9.613825074536840618e+07 9.009414291464050114e+07 7.760518319955459237e+07 6.686834768646857888e+07 5.697047396041645110e+07 5.387709700803663582e+07 2.300277964180281162e+08 2.079524392027465403e+08 1.831897381828088462e+08 1.412575121782037318e+08 1.175305811721065044e+08 9.757915860920424759e+07 9.168960745584392548e+07 7.958781037736298144e+07 6.927209265848217905e+07 5.986152771617262810e+07 5.694846278315017372e+07 2.300671254098745883e+08 2.079745530968261957e+08 1.833363856109308302e+08 1.421117632572224438e+08 1.188491902972691357e+08 9.940364102490156889e+07 9.370749580475030839e+07 8.208742787340532243e+07 7.228411124764497578e+07 6.345163335320860147e+07 6.074503534349668771e+07 2.301214508932099044e+08 2.080020627650188208e+08 1.835205760208808780e+08 1.431888102041083276e+08 1.205127281380130500e+08 1.017005368087163270e+08 9.624430168949969113e+07 8.521515366817896068e+07 7.602861313749057055e+07 6.786714031152822077e+07 6.539231406465336680e+07
2.707576610292418599e+08 2.445818619205330908e+08 2.143396326036366522e+08 1.623344744124248922e+08 1.332885952898136824e+08 1.088882289009894431e+08 1.016535245612992197e+08 8.671956829494541883e+07 7.388580299828329682e+07 6.201380276601364464e+07 5.828322619793993980e+07 2.707847842963404059e+08 2.445946826156244576e+08 2.144517819284496903e+08 1.629565094679417908e+08 1.342414463948541880e+08 1.102029627947470397e+08 1.031075717666230053e+08 8.852075056224538386e+07 7.606483366846299171e+07 6.464511767594458908e+07 6.108516465366981924e+07 2.708225365158789754e+08 2.446151199612830877e+08 2.145938999367413819e+08 1.637486921101976931e+08 1.354554556464164257e+08 1.118756343210720569e+08 1.049560729782088846e+08 9.080590289337274432e+07 7.881991756487032771e+07 6.794592537020705640e+07 6.458743463317617029e+07 2.708679607662360668e+08 2.446386299810951054e+08 2.147734590380353034e+08 1.647542917210061252e+08 1.369970035706354678e+08 1.139968502742688358e+08 1.072978201001630276e+08 9.369170076616679132e+07 8.228340617047284544e+07 7.205416103260110319e+07 6.892942059882555902e+07 2.709321357482390404e+08 2.446728828393770158e+08 2.149993163656167686e+08 1.660243143832088411e+08 1.389455454004653990e+08 1.166727218841323555e+08 1.102480554799468666e+08 9.731410800403214991e+07 8.660442970656083524e+07 7.712965607246844471e+07 7.426204252619037032e+07
3.187754643271201253e+08 2.876864217686278224e+08 2.510543855851348639e+08 1.881682164047967196e+08 1.535884998539406955e+08 1.247961059626565129e+08 1.163093467447166741e+08 9.889275981602333486e+07 8.402156358871430159e+07 7.034363968822382390e+07 6.606459175431835651e+07 3.187996853064191341e+08 2.877045460495251417e+08 2.511910100224563777e+08 1.888980753122687936e+08 1.546990023380085230e+08 1.263197832504690886e+08 1.179920953049419522e+08 1.009690477668506950e+08 8.652100191318899393e+07 7.333965288004349172e+07 6.924370923090463877e+07 3.188523717388820052e+08 2.877260823955457211e+08 2.513642595708532035e+08 1.898284517379064262e+08 1.561152187271384597e+08 1.282609647185114026e+08 1.201342693851487786e+08 1.036066142561179399e+08 8.968645948575615883e+07 7.711288210095058382e+07 7.324038635427072644e+07 3.189018960063320398e+08 2.877586147187474370e+08 2.515833811570790112e+08 1.910108843115818202e+08 1.579160243161740303e+08 1.307262790643168390e+08 1.228522456626168191e+08 1.069438394929465801e+08 9.367312817859488726e+07 8.182712438472269475e+07 7.821309651477712393e+07 3.189789934637029171e+08 2.877980849821237922e+08 2.518593553417062759e+08 1.925070052512876987e+08 1.601966642781554461e+08 1.338425796996459514e+08 1.262827311796716154e+08 1.111387369125921130e+08 9.865694344049760699e+07 8.766052494205154479e+07 8.433954265694111586e+07
3.753003859320430756e+08 3.383850892311908603e+08 2.940536535829637647e+08 2.181405696350492835e+08 1.770046380879944563e+08 1.430426154630346596e+08 1.330972799890338629e+08 1.127822327729851007e+08 9.555526104190799594e+07 7.980113886405870318e+07 7.487802115288509429e+07 3.753312480606113076e+08 3.384074248966359496e+08 2.942197657418003082e+08 2.189952991255575716e+08 1.782984237019827068e+08 1.448095989359406531e+08 1.350443339318684042e+08 1.151724217211201340e+08 9.841769588934044540e+07 8.321502819163945317e+07 7.850306426558491588e+07 3.753725281850364804e+08 3.384366622658954859e+08 2.944305994436331391e+08 2.200858409855268002e+08 1.799498689300282598e+08 1.470627664354957938e+08 1.375256592144967914e+08 1.182129869258610159e+08 1.020488726187842190e+08 8.752314529135920107e+07 8.305939066443184018e+07 3.754533936052495837e+08 3.384733609790865183e+08 2.946974277549937367e+08 2.214736263788022399e+08 1.820528939727040231e+08 1.499280090922394395e+08 1.406785321339775324e+08 1.220661365477230698e+08 1.066317426717309058e+08 9.292033339453089237e+07 8.874642775684623420e+07 3.755310894530850649e+08 3.385207425082613230e+08 2.950337773195926547e+08 2.232327273848293424e+08 1.847204682773679793e+08 1.535560786860439181e+08 1.446658928666937649e+08 1.269214708562706113e+08 1.123769573650130183e+08 9.961907150697518885e+07 9.577502545372314751e+07
4.418480092525118589e+08 3.980137822049504519e+08 3.444180223297325969e+08 2.529236788207800388e+08 2.040149068790295422e+08 1.639722751575544775e+08 1.523129505212311447e+08 1.286224344161864370e+08 1.086649110486488044e+08 9.052915410352039337e+07 8.487546684880867600e+07 4.418884079221437573e+08 3.980390566389008164e+08 3.446194034461823106e+08 2.539251823969587982e+08 2.055220460966256261e+08 1.660201356632122993e+08 1.545663791551235318e+08 1.313770733771458715e+08 1.119457656824085414e+08 9.441404670116172731e+07 8.899537527712187171e+07 4.419512768043813109e+08 3.980744194932270646e+08 3.448751460187131166e+08 2.552041075310003757e+08 2.074475221822808981e+08 1.686343589324532747e+08 1.574414388750978410e+08 1.348857953079360425e+08 1.161164983844907880e+08 9.933174464430363476e+07 9.418539312820512056e+07 4.420200285893774033e+08 3.981196314907984138e+08 3.451990710603904724e+08 2.568336444207098782e+08 2.099025884295402467e+08 1.719631109704997540e+08 1.610993904995639920e+08 1.393397872401566803e+08 1.213920087851463407e+08 1.055146489205508381e+08 1.006922292707096040e+08 4.421324730656645894e+08 3.981813588279527426e+08 3.456078561776099801e+08 2.589027257895871997e+08 2.130220173528221548e+08 1.761861587866396904e+08 1.657338182826369405e+08 1.449633360529886782e+08 1.280208942902991921e+08 1.132178760583633333e+08 1.087658574660532475e+08
5.201987914657778144e+08 4.681509949424938560e+08 4.034218998633097410e+08 2.933123557957137823e+08 2.352039383657987118e+08 1.880004034018006325e+08 1.743419542677212358e+08 1.467126860639475286e+08 1.235943668568020314e+08 1.026952254765586555e+08 9.620137840771304071e+07 5.202496437053974271e+08 4.681841721949881315e+08 4.036654096468037367e+08 2.944844751485024095e+08 2.369592576167495251e+08 1.903753938210796118e+08 1.769498451565443873e+08 1.498843437964699864e+08 1.273533740584274530e+08 1.071306074566603899e+08 1.008915561652274579e+08 5.203262487263829708e+08 4.682250250557283163e+08 4.039754770074921846e+08 2.959827309949545264e+08 2.392038618734605014e+08 1.934102001037138999e+08 1.802801413196458519e+08 1.539289758165991008e+08 1.321392385826672763e+08 1.127494068947942257e+08 1.068177178607405275e+08 5.203987301889513135e+08 4.682818416171483397e+08 4.043677684249008894e+08 2.978940937401508689e+08 2.420690043947475851e+08 1.972793065360056460e+08 1.845231045058820248e+08 1.590712373522764444e+08 1.382025502163768411e+08 1.198302707537221014e+08 1.142606261757889390e+08 5.205202770172769427e+08 4.683514851019218564e+08 4.048634588040812016e+08 3.003251491235140562e+08 2.457150313815056086e+08 2.021951412303495705e+08 1.899080382641151845e+08 1.655819349530422091e+08 1.458462340720631480e+08 1.286745548980074376e+08 1.235227404195827097e+08
6.124437319279512167e+08 5.506544722000783682e+08 4.725659377927926779e+08 3.402393738752250075e+08 2.712252618080202341e+08 2.155926561103690267e+08 1.995880651019585431e+08 1.673661796680884361e+08 1.405789447067582011e+08 1.165180255923829675e+08 1.090629271913420856e+08 6.124968347709298134e+08 5.506945920434721708e+08 4.728603609754431844e+08 3.416127777129132748e+08 2.732697572358163595e+08 2.183472066954426467e+08 2.026075407535337806e+08 1.710226467616742253e+08 1.448902881052618623e+08 1.215675301467855424e+08 1.143957631879232079e+08 6.125607581230852604e+08 5.507492479463690519e+08 4.732347169481059313e+08 3.433694324519683123e+08 2.758863409051924348e+08 2.218699302958499789e+08 2.064670639989291131e+08 1.756908211798343956e+08 1.503863457231929004e+08 1.279818140161466151e+08 1.211490702951761335e+08 6.126877497783329487e+08 5.508096465751146078e+08 4.737094743935782313e+08 3.456124418271281123e+08 2.792298499651555419e+08 2.263666909813604057e+08 2.113906162706364393e+08 1.816372962522592843e+08 1.573676564630935490e+08 1.360949657414970696e+08 1.296605800617084801e+08 6.128348284195941687e+08 5.508982424315205812e+08 4.743101082085540891e+08 3.484687479504451752e+08 2.834909933638119102e+08 2.320888106439788043e+08 2.176496682316906452e+08 1.891774809953030944e+08 1.661865395728703141e+08 1.462643031150041223e+08 1.402968616882972717e+08
7.210595364664980173e+08 6.477143592762082815e+08 5.536090176078146696e+08 3.947875101106774211e+08 3.128681393189623356e+08 2.473159138282661736e+08 2.285580371242391467e+08 1.909699926385323703e+08 1.599365198814492822e+08 1.322072828137993068e+08 1.236405359559511989e+08 7.211296225166072845e+08 6.477596504784846306e+08 5.539639379268161058e+08 3.963953222940548658e+08 3.152495545542862415e+08 2.505108478735065460e+08 2.320525157580852509e+08 1.951809512845380902e+08 1.648770533553309143e+08 1.379695210377571583e+08 1.297147803875076324e+08 7.212260509301888943e+08 6.478223917341024876e+08 5.544154346250474453e+08 3.984531670952296853e+08 3.182996763128775954e+08 2.545998233561515808e+08 2.365232600371636748e+08 2.005691083982239366e+08 1.711832965493740439e+08 1.453066077789352238e+08 1.374246727099347115e+08 7.213412776763741970e+08 6.479026051156210899e+08 5.549887497083638906e+08 4.010835160556966066e+08 3.222014700680761933e+08 2.598254537365730107e+08 2.422339882903628647e+08 2.074430634195631444e+08 1.792162648668810725e+08 1.545951164092054963e+08 1.471656566977617741e+08 7.214885493449404240e+08 6.480082157395871878e+08 5.557143433063303232e+08 4.044375599204110503e+08 3.271813316857260466e+08 2.664852610026029646e+08 2.495088398026321530e+08 2.161759835655032098e+08 1.893912981113073528e+08 1.662771301663249135e+08 1.593675813431518376e+08
8.489571805472162962e+08 7.619078415887101889e+08 6.486234448371517658e+08 4.582382580088999867e+08 3.610356283837862611e+08 2.837946016061580181e+08 2.618109482184218764e+08 2.179620911583544612e+08 1.819850846404678822e+08 1.500437071112703085e+08 1.402066750638974309e+08 8.490182072904561758e+08 7.619636460105754137e+08 6.490507860105415583e+08 4.601219508501722217e+08 3.638100627070207000e+08 2.875018229500994682e+08 2.658604809756001532e+08 2.228228829490603507e+08 1.876551926092620492e+08 1.566080223977557719e+08 1.471185129747797549e+08 8.491433200635936260e+08 7.620377551495966911e+08 6.495948920982664824e+08 4.625346205973085165e+08 3.673662114338717461e+08 2.922505410053154230e+08 2.710466820051326156e+08 2.290431362469915152e+08 1.949083728968117833e+08 1.649928903201890588e+08 1.559107551820448339e+08 8.492781054692699909e+08 7.621333522166826725e+08 6.502861618513183594e+08 4.656209782125350833e+08 3.719197714223427773e+08 2.983254992993833423e+08 2.776785598516641855e+08 2.369871329429527819e+08 2.041557224099541605e+08 1.756412238264253438e+08 1.670573515386485755e+08 8.494783311807996035e+08 7.622583153517217636e+08 6.511617938546659946e+08 4.695609067488128543e+08 3.777392948676792383e+08 3.060803658912971616e+08 2.861366053374323845e+08 2.470965413603082001e+08 2.158880724079474211e+08 1.890747625564431846e+08 1.810739203266955614e+08
9.995611716261242628e+08 8.962711836600786448e+08 7.600509240986056328e+08 5.320938227853423357e+08 4.167955024259660840e+08 3.257815441100714803e+08 3.000145935142830610e+08 2.488430507253099382e+08 2.071300127784814835e+08 1.703172438064530790e+08 1.590188988164296746e+08 9.996458835951187611e+08 8.963400703710918427e+08 7.605648548584088087e+08 5.342992185163843632e+08 4.200289524530035257e+08 3.300847895821724534e+08 3.047078572123596668e+08 2.544520160303591788e+08 2.136359428192186058e+08 1.778142371264147162e+08 1.668839156533555984e+08 9.997740813827513456e+08 8.964270124469801188e+08 7.612195765968953371e+08 5.371253225430768728e+08 4.241763365530825853e+08 3.356021035468186140e+08 3.107228326903175712e+08 2.616365184970286787e+08 2.219732197472324967e+08 1.874007015642397404e+08 1.769282471150181293e+08 9.999482781491568089e+08 8.965435945685420036e+08 7.620517881291576624e+08 5.407436989489365816e+08 4.294917637687330842e+08 3.426686590106158853e+08 3.184236778809074759e+08 2.708276462226457000e+08 2.326241459635441005e+08 1.995989500011437535e+08 1.896798827883836925e+08 1.000172817325894475e+09 8.966973985666680336e+08 7.631067864510216713e+08 5.453687390377997160e+08 4.362933854342058897e+08 3.517006100133961439e+08 3.282600958714065552e+08 2.825473759940272570e+08 2.461726060647947788e+08 2.150453798465388715e+08 2.057775957349863946e+08
1.176915516122622490e+09 1.054384229226518512e+09 8.907643745730516911e+08 6.181081190314322710e+08 4.813991880269820690e+08 3.741594793736684322e+08 3.439418894213519692e+08 2.842053166111732721e+08 2.358274429185870588e+08 1.933814663214151859e+08 1.803974858761261106e+08 1.177026757050682783e+09 1.054468874128704786e+09 8.913814959195204973e+08 6.206927317043411732e+08 4.851684436694917083e+08 3.791550976065365076e+08 3.493820034290884733e+08 2.906784504936758876e+08 2.433002266399296522e+08 2.019395455175725818e+08 1.893562792038665712e+08 1.177167162389163256e+09 1.054572888588137746e+09 8.921685079099506140e+08 6.240061441403602362e+08 4.900060123953380585e+08 3.855646016651555896e+08 3.563623477456483841e+08 2.989830294384628534e+08 2.528832644421660602e+08 2.129042452588836551e+08 2.008267493840099275e+08 1.177369984760274649e+09 1.054714427244870424e+09 8.931693503061823845e+08 6.282515625598644018e+08 4.962124050262805223e+08 3.937835527360642552e+08 3.653093258987416029e+08 3.096193759685565829e+08 2.651521470112346411e+08 2.268990132117873430e+08 2.154348508304685056e+08 1.177625795262712717e+09 1.054897905609594822e+09 8.944389446956340075e+08 6.336834257997076511e+08 5.041638946364843249e+08 4.043057877007949352e+08 3.767549545993333459e+08 3.232047393076269031e+08 2.807971494510076642e+08 2.446581439633288980e+08 2.339199537970834970e+08
1.385801162355838060e+09 1.240466636830410480e+09 1.044147814764189005e+09 7.183556122955716848e+08 5.563139619807564020e+08 4.299377637213773131e+08 3.945036658469408751e+08 3.247413264219363928e+08 2.685900019016017914e+08 2.196380165871472955e+08 2.047090501404466033e+08 1.385917429518825769e+09 1.240568251992352962e+09 1.044888478819141269e+09 7.213846799214096069e+08 5.607102030056425333e+08 4.357438096778820157e+08 4.008135711002857089e+08 3.322170037161601186e+08 2.771801085720922351e+08 2.294127359451496303e+08 2.149289875291952491e+08 1.386080128711078882e+09 1.240694681924682617e+09 1.045833384071316361e+09 7.252701337908024788e+08 5.663563679136030674e+08 4.431981608901180029e+08 4.089129736930352449e+08 3.418121060221312046e+08 2.882119884406656623e+08 2.419592761685369015e+08 2.280243557976392210e+08 1.386326207059274673e+09 1.240866539568227530e+09 1.047035433386619806e+09 7.302519415795261860e+08 5.736055449341001511e+08 4.527650869179206491e+08 4.193100977602174282e+08 3.541275064694700837e+08 3.023494138655483723e+08 2.580162088037958443e+08 2.447612879407437146e+08 1.386624537033085585e+09 1.241083520393381357e+09 1.048561603179543018e+09 7.366323912399022579e+08 5.829039772614066601e+08 4.650254008480041027e+08 4.326324886138519645e+08 3.698850979485495687e+08 3.204236360785123706e+08 2.784514035665797591e+08 2.660097459780599475e+08
1.631818885811274052e+09 1.459489801127184629e+09 1.224188898806317568e+09 8.352708097144132853e+08 6.432537811066776514e+08 4.943111263275256753e+08 4.527414005463759899e+08 3.712319263130428791e+08 3.060325650620496869e+08 2.495469444477327168e+08 2.323733393303865790e+08 1.631923767327287436e+09 1.459612829748133183e+09 1.225077018761450291e+09 8.388224497579559088e+08 6.483841568990427256e+08 5.010620132564512491e+08 4.600672109838185310e+08 3.798752903611325026e+08 3.159136921351234913e+08 2.607233851718569398e+08 2.440332621790195405e+08 1.632144909834314823e+09 1.459765443838068962e+09 1.226210214657030106e+09 8.433807747540369034e+08 6.549772956160968542e+08 5.097356603143370152e+08 4.694788699186885953e+08 3.909790780593078136e+08 3.286158311617959142e+08 2.750873883570350409e+08 2.590100295064680874e+08 1.632418097847614765e+09 1.459969635475470543e+09 1.227652951495426893e+09 8.492296402467167377e+08 6.634488558452341557e+08 5.208776719774236083e+08 4.815667570310958028e+08 4.052395067138301134e+08 3.449284847631302476e+08 2.935177055352156162e+08 2.781825527900694013e+08 1.632774953112052679e+09 1.460232556635489225e+09 1.229485196013780117e+09 8.567277822746721506e+08 6.743268790294805765e+08 5.351761747614509463e+08 4.970802649645683169e+08 4.235276369335739017e+08 3.658128678125921488e+08 3.170462890558423996e+08 3.026165495887718201e+08
1.921583669714431286e+09 1.717313436776392460e+09 1.435585330496023893e+09 9.717270766311404705e+08 7.442438215916825533e+08 5.686810578921846151e+08 5.198937714448007941e+08 4.246101426269471645e+08 3.488618404471272230e+08 2.836418900625707507e+08 2.638912657266629636e+08 1.921755457563686848e+09 1.717463226082806587e+09 1.436647486376668215e+09 9.758928646432451010e+08 7.502341741343638897e+08 5.765341274246497154e+08 5.284036987421470881e+08 4.346091534041156769e+08 3.602327125224729776e+08 2.964279680774274468e+08 2.771916646634033918e+08 1.921970436141467333e+09 1.717643493420694351e+09 1.438007272001897335e+09 9.812420576069730520e+08 7.579366900944446325e+08 5.866325569632855654e+08 5.393450663578587770e+08 4.474673749810563326e+08 3.748705194554594755e+08 3.128945107123161554e+08 2.943220281841582656e+08 1.922296866038895607e+09 1.717891136481541157e+09 1.439736864650207996e+09 9.881098150867619514e+08 7.678417043354849815e+08 5.996165737517004013e+08 5.534116767847725153e+08 4.639981677504979372e+08 3.936991438013811707e+08 3.340556932817421556e+08 3.163116281493950486e+08 1.922716892144293547e+09 1.718209063400167227e+09 1.441935561000763416e+09 9.969217392499681711e+08 7.805737109262499809e+08 6.162992574025965929e+08 5.714882719361784458e+08 4.852325020883392096e+08 4.178543401065391898e+08 3.611581787737876177e+08 3.444170670341475606e+08
2.262915677443299294e+09 2.020848377099285126e+09 1.683875410149061680e+09 1.131095570082777023e+09 8.616637374122912884e+08 6.546893834057759047e+08 5.974072203597857952e+08 4.859606039108137488e+08 3.979014606679109335e+08 3.225486102005286813e+08 2.998120729493945241e+08 2.263158956229483604e+09 2.021016944754080296e+09 1.685148873480264425e+09 1.135983672863456011e+09 8.686623275085927248e+08 6.638315076651264429e+08 6.072990447369174957e+08 4.975357249118037820e+08 4.109948576333810687e+08 3.371847096804780960e+08 3.150062390171725750e+08 2.263364719215037823e+09 2.021243286199777126e+09 1.686774806474808216e+09 1.142263350778909683e+09 8.776662534398045540e+08 6.755952668871035576e+08 6.200264839016020298e+08 5.124347364394878745e+08 4.278763814232560396e+08 3.560683886825552583e+08 3.346124833484889269e+08 2.263734364289788246e+09 2.021538581386571646e+09 1.688846691052316427e+09 1.150330932651285887e+09 8.892531807942934036e+08 6.907340930511997938e+08 6.364081759583880901e+08 5.316129004322906733e+08 4.496244401941037178e+08 3.803903323901775479e+08 3.598471036577458978e+08 2.264211913076749325e+09 2.021920533261905193e+09 1.691481287895073652e+09 1.160691354873940945e+09 9.041620262991033792e+08 7.102106266741094589e+08 6.574867033744977713e+08 5.562871759840029478e+08 4.775829042852021456e+08 4.116255324898056984e+08 3.921943319979299307e+08
2.664985631754121304e+09 2.378234231555967808e+09 1.975590431206380844e+09 1.317355315557985544e+09 9.983128226164377928e+08 7.542639722318907976e+08 6.869776058235677481e+08 5.565491790614141226e+08 4.541006166854504347e+08 3.669888630955036879e+08 3.407930461615961194e+08 2.665227389624705315e+09 2.378439419257328987e+09 1.977113504942325354e+09 1.323093992966699839e+09 1.006494166986453295e+09 7.649136156348724365e+08 6.984830288962800503e+08 5.699600978190709352e+08 4.691956079771994352e+08 3.837524957208907604e+08 3.581679613674592376e+08 2.665539013956458092e+09 2.378709402138353348e+09 1.979058384585149288e+09 1.330469834751740456e+09 1.017025590757845521e+09 7.786257818012000322e+08 7.133005264733769894e+08 5.872351286182121038e+08 4.886800300707300901e+08 4.054254849914579391e+08 3.806195827892644405e+08 2.665966134095636845e+09 2.379064347911991119e+09 1.981538447914044380e+09 1.339951223891230106e+09 1.030587887100023031e+09 7.962907985554424524e+08 7.323948976811337471e+08 6.095067027694952488e+08 5.138194818391879201e+08 4.334015824290231466e+08 4.096001799303494096e+08 2.666538939798625946e+09 2.379512343751793861e+09 1.984693382186555386e+09 1.352136777090095520e+09 1.048055277239470005e+09 8.190484530993624926e+08 7.569880439962179661e+08 6.381963374466432333e+08 5.462071709838153124e+08 4.694278334399751425e+08 4.468579491981412172e+08
3.138700050961376190e+09 2.799074256396231174e+09 2.318421970672596455e+09 1.535195491845124483e+09 1.157486873018866301e+09 8.696684758778142929e+08 7.905941072603393793e+08 6.378590369810912609e+08 5.185758155276530981e+08 4.177891719321722388e+08 3.875963971302778125e+08 3.138956002361587524e+09 2.799317449828989029e+09 2.320242160173743248e+09 1.541935712653897285e+09 1.167057242567088127e+09 8.820833083083374500e+08 8.039929972229603529e+08 6.534081429487308264e+08 5.359979820309916735e+08 4.370166330037159324e+08 4.074747906918189526e+08 3.139304180007520676e+09 2.799643113489518166e+09 2.322567691020965576e+09 1.550602612293727398e+09 1.179384201690529346e+09 8.980848457333215475e+08 8.212623069527531862e+08 6.734608165566872358e+08 5.585061876502804756e+08 4.619108441609409451e+08 4.332164151114838719e+08 3.139799742415751457e+09 2.800056577826213360e+09 2.325532875344531536e+09 1.561750003200493813e+09 1.195269829281722546e+09 9.187170117681061029e+08 8.435288110747199059e+08 6.993437768351509571e+08 5.875911328089849949e+08 4.941174648388962746e+08 4.665183161104035974e+08 3.140471702862265110e+09 2.800607809888555050e+09 2.329308526711843491e+09 1.576088083070071459e+09 1.215748581640868902e+09 9.453193213312132359e+08 8.722431633112771511e+08 7.327310854915684462e+08 6.251412438489339352e+08 5.357010301578655839e+08 5.094651490648756027e+08
3.696785100684697628e+09 3.294678005328367233e+09 2.721447083593167782e+09 1.790150846958421946e+09 1.343079830503177404e+09 1.003578674332318902e+09 9.106133636004927158e+08 7.316245681344870329e+08 5.926289070971860886e+08 4.759310629915733337e+08 4.410963524603481889e+08 3.697083096647847176e+09 3.294974554846143723e+09 2.723620591716114044e+09 1.798071090020900011e+09 1.354284364439442396e+09 1.018068434156009912e+09 9.262263960046395063e+08 7.496743548380092382e+08 6.127617407821865082e+08 4.980015959190571308e+08 4.638707468033079505e+08 3.697480831127791405e+09 3.295361900900897503e+09 2.726398150696377754e+09 1.808259628626614571e+09 1.368722213738406658e+09 1.036750489205492616e+09 9.463614899792374372e+08 7.729776449494200945e+08 6.387889291748714447e+08 5.266248669138013721e+08 4.934042535317949057e+08 3.698085239023205280e+09 3.295858084363615990e+09 2.729942466590130329e+09 1.821371088272970438e+09 1.387339786004835606e+09 1.060858853163702488e+09 9.723485387181527615e+08 8.030780947855834961e+08 6.724658650452331305e+08 5.637366789724782705e+08 5.317089333390344381e+08 3.698839859007411957e+09 3.296520058800063610e+09 2.734456174657716274e+09 1.838246826535961866e+09 1.411360243308736563e+09 1.091978849337112665e+09 1.005895207608683825e+09 8.419590357288876772e+08 7.160397487711110115e+08 6.117722091147747040e+08 5.812541072104529142e+08
4.354320971222586632e+09 3.878395182913684845e+09 3.195360513423821926e+09 2.088735684019930601e+09 1.559671525344620943e+09 1.159137042089309692e+09 1.049785382331634045e+09 8.398978056503009796e+08 6.777999840262808800e+08 5.425405984259103537e+08 5.023319709972401857e+08 4.354667013907872200e+09 3.878744501522816181e+09 3.197954616860884190e+09 2.098046918349162817e+09 1.572796284956054211e+09 1.176057145206483603e+09 1.067992195343312979e+09 8.608728354633558989e+08 7.010748877800046206e+08 5.679102471167364120e+08 5.284380981316199899e+08 4.355155185022132874e+09 3.879210766836009026e+09 3.201270075971813679e+09 2.110029757526138544e+09 1.589716388980460644e+09 1.197885171562245131e+09 1.091486098799566269e+09 8.879691408703147173e+08 7.312012910322539806e+08 6.008556443644200563e+08 5.623652748431892395e+08 4.355834737052815437e+09 3.879809049252711773e+09 3.205501812703081131e+09 2.125458248096333742e+09 1.611548652678712845e+09 1.226075681851577282e+09 1.121843384535236359e+09 9.230027178684091568e+08 7.702481219187469482e+08 6.436558390536348820e+08 6.064607360782434940e+08 4.356716675756031036e+09 3.880596663702467442e+09 3.210893063009050369e+09 2.145329744324315786e+09 1.639738692867289782e+09 1.262510414697518587e+09 1.161078954291332483e+09 9.683386500033718348e+08 8.208460883471987247e+08 6.991986949962289333e+08 6.636707091370760202e+08
5.129042034862013817e+09 4.565943042602308273e+09 3.752769571882134438e+09 2.438632588979871273e+09 1.812660946735903025e+09 1.340041960140996695e+09 1.211355889183379412e+09 9.650764690536514521e+08 7.758609124250535965e+08 6.189539897445375919e+08 5.724942226673402786e+08 5.129466735159307480e+09 4.566358637251859665e+09 3.755862861646053791e+09 2.449583864036159515e+09 1.828045648372591019e+09 1.359818752290503502e+09 1.232611508257181168e+09 9.894712847711112499e+08 8.028070857016198635e+08 6.481458421051049232e+08 6.024614610244144201e+08 5.130027454318369865e+09 4.566911954564648628e+09 3.759817624246106625e+09 2.463682919922878265e+09 1.847889035024970293e+09 1.385348745234370470e+09 1.260059182728446245e+09 1.021008006630829930e+09 8.377205951223690510e+08 6.860983789051772356e+08 6.414759797497333288e+08 5.130820345941720009e+09 4.567623411248693466e+09 3.764866815020036697e+09 2.481844960360394955e+09 1.873508227011693001e+09 1.418344874043151617e+09 1.295545568931523323e+09 1.061838481524309874e+09 8.830294742159074545e+08 7.355204144691410065e+08 6.922903921041381359e+08 5.131889170443394661e+09 4.568568174261106491e+09 3.771301949563342571e+09 2.505252056124140739e+09 1.906614113499120474e+09 1.461023390532337666e+09 1.341457969328257084e+09 1.114729109817272425e+09 9.418523500896502733e+08 7.998100965226305723e+08 7.584071722503170967e+08
6.042050748766044617e+09 5.375853910480192184e+09 4.408534335047861099e+09 2.848914055525916100e+09 2.108429975750969172e+09 1.550676428313204765e+09 1.399170741556819439e+09 1.109987786596675873e+09 8.889229193256965876e+08 7.067284126870969534e+08 6.529909770255359411e+08 6.042439163078068733e+09 5.376347645384091377e+09 4.412220940408349991e+09 2.861798743864521503e+09 2.126473487702837229e+09 1.573803461580755949e+09 1.423997520182886600e+09 1.138391494536805868e+09 9.201546844450519085e+08 7.403521263816879988e+08 6.874230095550500154e+08 6.043089885402585983e+09 5.377005926648845673e+09 4.416933816724828720e+09 2.878393381668737888e+09 2.149756006757971764e+09 1.603681787342960119e+09 1.456086184898256302e+09 1.175141179084350348e+09 9.606608008575539589e+08 7.841346266589818001e+08 7.323338617269421816e+08 6.044014178466711998e+09 5.377863932618574142e+09 4.422953812598701477e+09 2.899780046729078770e+09 2.179834331664138317e+09 1.642328830610133410e+09 1.497605315842661619e+09 1.222756883018873453e+09 1.013290241801621914e+09 8.412470283704653978e+08 7.909635361130766869e+08 6.045243420470067024e+09 5.378967128101106644e+09 4.430629128991321564e+09 2.927359129190867424e+09 2.218733261475490570e+09 1.692365514718887091e+09 1.551383513672740459e+09 1.284534722928863287e+09 1.081740099987518549e+09 9.157406514601360559e+08 8.674584064641038179e+08
7.117681731732128143e+09 6.329961063087069511e+09 5.180171358064919472e+09 3.330254745895309925e+09 2.454487858706508160e+09 1.796184621817372799e+09 1.617740158922932863e+09 1.277971325335315943e+09 1.019459430549944043e+09 8.076773871824076176e+08 7.454569340369735956e+08 7.118257148566869736e+09 6.330554563265470505e+09 5.184559785386539459e+09 3.345420911550629139e+09 2.475665402892006397e+09 1.823261096074023485e+09 1.646775857841030121e+09 1.311068353790139198e+09 1.055696562994307399e+09 8.464534734669406414e+08 7.850834669034557343e+08 7.118996541016923904e+09 6.331340298180540085e+09 5.190173509166110992e+09 3.364960239893128872e+09 2.503003831500175953e+09 1.858253843103458881e+09 1.684314267352721691e+09 1.353932132517669201e+09 1.102742608117226601e+09 8.970253526628059149e+08 8.368376709132554531e+08 7.120053706585733414e+09 6.332357574783410072e+09 5.197344826498206139e+09 3.390152410152325630e+09 2.538337716423744202e+09 1.903548675611031532e+09 1.732931233916882038e+09 1.409526088306321144e+09 1.163946429848270893e+09 9.631102491422257423e+08 9.045512921208078861e+08 7.121479347336409569e+09 6.333690524887471199e+09 5.206491120021851540e+09 3.422655833008973598e+09 2.584060637499967098e+09 1.962248295181110144e+09 1.795963505504981995e+09 1.481737091155797720e+09 1.243687259616585016e+09 1.049511338146714091e+09 9.931475496140090227e+08
8.385344866544060707e+09 7.454000975201596260e+09 6.088315625446969032e+09 3.895247340762460709e+09 2.859700986522107601e+09 2.082652715144169092e+09 1.872402562029583216e+09 1.472949433393698454e+09 1.170372194422916651e+09 9.239378972644486427e+08 8.518354030438416004e+08 8.385984512646630287e+09 7.454719978239170074e+09 6.093537284622040749e+09 3.913103346527204990e+09 2.884568709000041008e+09 2.114372771101395607e+09 1.906382654002539873e+09 1.511564815887585640e+09 1.212474184352168798e+09 9.687277555091677904e+08 8.974897610609815121e+08 8.386853989502086639e+09 7.455652674316764832e+09 6.100217284772276878e+09 3.936115807544163704e+09 2.916684168847570896e+09 2.155389864361372471e+09 1.950341314511460066e+09 1.561605506239560127e+09 1.267174596201292276e+09 1.027206262369712591e+09 9.572134397838625908e+08 8.388068954227479935e+09 7.456863373759896278e+09 6.108753957628656387e+09 3.965798092025835514e+09 2.958213074305742741e+09 2.208514153556061268e+09 2.007309766750845432e+09 1.626575181586231232e+09 1.338436784769372940e+09 1.103759511049004316e+09 1.035514276743436456e+09 8.389693023525308609e+09 7.458443349048280716e+09 6.119643607933146477e+09 4.004113925462983131e+09 3.011985416468410969e+09 2.277419542096175671e+09 2.081241023921276093e+09 1.711058951471310616e+09 1.431417534677616358e+09 1.204085463870645285e+09 1.138236609388028145e+09
9.879174631735866547e+09 8.778335099092674255e+09 7.157281058436231613e+09 4.558737275632104874e+09 3.334519256219228268e+09 2.417258416182099342e+09 2.169452159278464317e+09 1.699563103234558344e+09 1.345104371476754427e+09 1.058041956723561525e+09 9.743803109459748268e+08 9.879903806497661591e+09 8.779182581339876175e+09 7.163489103089626312e+09 4.579765589950740814e+09 3.363734810933285236e+09 2.454443331171722889e+09 2.209250173660750389e+09 1.744661530738530397e+09 1.394070368963526964e+09 1.109833181501151562e+09 1.027058215681523442e+09 9.880905796646869659e+09 8.780293946372295380e+09 7.171432148175542831e+09 4.606874725175331116e+09 3.401479042747339725e+09 2.502550736084744930e+09 2.260762793138721943e+09 1.803141275573243380e+09 1.457755385388581514e+09 1.177542328727533340e+09 1.096057331687007427e+09 9.882313131223669052e+09 8.781727855828222275e+09 7.181585282347195625e+09 4.641853740062525749e+09 3.450308164692416668e+09 2.564903684079691887e+09 2.327570941086560249e+09 1.879133985357084274e+09 1.540806810074958801e+09 1.266337716028903961e+09 1.186709018340058327e+09 9.884248406341930389e+09 8.783601783380857468e+09 7.194541428604408264e+09 4.687027737178464890e+09 3.513572952372343540e+09 2.645836130843762398e+09 2.414341658805880547e+09 1.978063807675912142e+09 1.649343107906029940e+09 1.382959977789557695e+09 1.305943702173102617e+09
1.163957078156057549e+10 1.033867839301859856e+10 8.415709250060790062e+09 5.338201498704778671e+09 3.891258623789682388e+09 2.808466666589633942e+09 2.516318487494335175e+09 1.963290019506671667e+09 1.547693320819547176e+09 1.212942249807746172e+09 1.115768177371004820e+09 1.164038220977270889e+10 1.033968759906506348e+10 8.423084486692530632e+09 5.362970796815223694e+09 3.925595214909759045e+09 2.852083446590310574e+09 2.562961047776226044e+09 2.016005734695592403e+09 1.604713823638014793e+09 1.272916546275596142e+09 1.176623896947327852e+09 1.164158910880348396e+10 1.034099808750542831e+10 8.432522684213371277e+09 5.394911149680708885e+09 3.969971341366451740e+09 2.908552180063273907e+09 2.623377288620668888e+09 2.084418049405225039e+09 1.678942597123452663e+09 1.351423019178367376e+09 1.256451970651899576e+09 1.164319872220271492e+10 1.034270055181831741e+10 8.444588504640156746e+09 5.436137649397707939e+09 4.027410277836543560e+09 2.981772307518100262e+09 2.701771931644912720e+09 2.173377798844824791e+09 1.775844546942400694e+09 1.454534462422434807e+09 1.361533212059836388e+09 1.164542822106862068e+10 1.034493343750012207e+10 8.459988439320256233e+09 5.489401462765910149e+09 4.101868227814046383e+09 3.076877153479252338e+09 2.803673899005825996e+09 2.289324495621940613e+09 1.902664757942594528e+09 1.590259910000368595e+09 1.500098386162657738e+09
1.371412241194478989e+10 1.217714275410272217e+10 9.897332569537050247e+09 6.254228940562088966e+09 4.544428077827520370e+09 3.266259571294317245e+09 2.921759324211774826e+09 2.270591296958751678e+09 1.782920207540800333e+09 1.392136494833242655e+09 1.279137800609182358e+09 1.371508340783402443e+10 1.217832665691066360e+10 9.906088218092372894e+09 6.283407885371534348e+09 4.584802794614048004e+09 3.317462079831291676e+09 2.976473266796444416e+09 2.332275183211282253e+09 1.849402345463399410e+09 1.461690003687641382e+09 1.349545611689305782e+09 1.371644408538856506e+10 1.217988282996726990e+10 9.917294320125226974e+09 6.321044067553598404e+09 4.636997867057087898e+09 3.383770444151131153e+09 3.047369808045334339e+09 2.412369210371654987e+09 1.936009172884601593e+09 1.552826113136263132e+09 1.442030571941644192e+09 1.371829544585369301e+10 1.218190980534763718e+10 9.931621603066091537e+09 6.369637434816739082e+09 4.704581640974178314e+09 3.469796089357935905e+09 3.139415031146782875e+09 2.516608816424978256e+09 2.049196872032929420e+09 1.672713760833738565e+09 1.563987908924607038e+09 1.372089319570378304e+10 1.218454495104673004e+10 9.949912535740455627e+09 6.432443122468824387e+09 4.792230241098830223e+09 3.581618427597910881e+09 3.259160490545908928e+09 2.652590615243724346e+09 2.197524779083045483e+09 1.830852217918838024e+09 1.725199370884865761e+09
1.615888347435767937e+10 1.434331300217838669e+10 1.164186662506679535e+10 7.331053683495951653e+09 5.311123296280224800e+09 3.802413073884127617e+09 3.396125345494626522e+09 2.629100213390995979e+09 2.056424577450499058e+09 1.599757173960941315e+09 1.468200222946906567e+09 1.615997719889740944e+10 1.434473363951323700e+10 1.165225271307906342e+10 7.365429784408501625e+09 5.358606111995807648e+09 3.862542863876332760e+09 3.460331576861725807e+09 2.701341370210331440e+09 2.134029143181235552e+09 1.680522810055434465e+09 1.549778893456513166e+09 1.616159230514072227e+10 1.434655968189061546e+10 1.166554735864802742e+10 7.409780189683737755e+09 5.420013900521900177e+09 3.940448422559390545e+09 3.543578414033832073e+09 2.795189816732801914e+09 2.235196509726783752e+09 1.786462874407547474e+09 1.657067584588068008e+09 1.616369127838806915e+10 1.434896635508519745e+10 1.168254522120437813e+10 7.467058627668698311e+09 5.499553164983324051e+09 4.041569898823499203e+09 3.651716179736811638e+09 2.917421448652734756e+09 2.367533721489617348e+09 1.926025095844880581e+09 1.798794060571332693e+09 1.616670260699360847e+10 1.435208585733228302e+10 1.170425212520131493e+10 7.541114184202320099e+09 5.602753492770439148e+09 4.173089684738245010e+09 3.792486525152442455e+09 3.077025084846802711e+09 2.541182720118760586e+09 2.110482938581902266e+09 1.986573060068659544e+09
1.903982580250271988e+10 1.689556862865629387e+10 1.369604712039408875e+10 8.597204078489570618e+09 6.211461781262796402e+09 4.430797149384977341e+09 3.951591399019146442e+09 3.047828271921917439e+09 2.374884460837946415e+09 1.840677703037488937e+09 1.687339522296621799e+09 1.904110235482253647e+10 1.689723520442826462e+10 1.370835691636625099e+10 8.637704859618181229e+09 6.267322332942923546e+09 4.501443413250164032e+09 4.026991946734286308e+09 3.132496104153877735e+09 2.465557634684365749e+09 1.934586728371834517e+09 1.781990102415978670e+09 1.904286919961014175e+10 1.689940927203280258e+10 1.372411635721199417e+10 8.689967355622562408e+09 6.339579166455945015e+09 4.593011847803140640e+09 4.124782424169213295e+09 3.242547769688391209e+09 2.583858258120882988e+09 2.057892131303734303e+09 1.906621211824692726e+09 1.904542224750732803e+10 1.690224712307708168e+10 1.374427126533408546e+10 8.757480741793966293e+09 6.433204928587146759e+09 4.711920405136784554e+09 4.251883879093643188e+09 3.385986860831767559e+09 2.738740686312269211e+09 2.220558770977135658e+09 2.071532399767268896e+09 1.904891422907865906e+10 1.690593945241477776e+10 1.377000845626599884e+10 8.844795216369207382e+09 6.554729901893630028e+09 4.866657087825484276e+09 4.417438586303097725e+09 3.573421515248806953e+09 2.942200688924975872e+09 2.435942137592531681e+09 2.290495616025969505e+09
2.243452161440042877e+10 1.990250689127584839e+10 1.611481382690525055e+10 1.008621816621145439e+10 7.269115836107828140e+09 5.167746590637718201e+09 4.602527051859312057e+09 3.537409024829601288e+09 2.746161848036437988e+09 2.120659135152672291e+09 1.941729256903620958e+09 2.243599313589172745e+10 1.990447642294080353e+10 1.612939330410603523e+10 1.013393173324784470e+10 7.334840146640253067e+09 5.250784785884426117e+09 4.691106486741682053e+09 3.636711439307411671e+09 2.852227599492235184e+09 2.229997894528273582e+09 2.051702495454201937e+09 2.243802905792754364e+10 1.990704291700314331e+10 1.614805922082692528e+10 1.019551286607807922e+10 7.419880694211130142e+09 5.358445896555860519e+09 4.806038179924107552e+09 3.765854624783152580e+09 2.990687131610605240e+09 2.373697269496786594e+09 2.196672567268725872e+09 2.244094907776249313e+10 1.991039658861401367e+10 1.617193289696170998e+10 1.027508164111328125e+10 7.530097536842709541e+09 5.498308032705178261e+09 4.955478842449913979e+09 3.934274994682867527e+09 3.172116914308656693e+09 2.563505824076229095e+09 2.388785658733535767e+09 2.244501851643675232e+10 1.991475407703549194e+10 1.620242530194057655e+10 1.037801431531400871e+10 7.673207898944097519e+09 5.680405573960905075e+09 5.150246846710037231e+09 4.154516310056414604e+09 3.410699495209463120e+09 2.815256428725647449e+09 2.644396718341102600e+09
2.643388655440916824e+10 2.344458791889364243e+10 1.896263725268815613e+10 1.183750330726184654e+10 8.511920808174345970e+09 6.032496938805321693e+09 5.365846614262639999e+09 4.110378811228360176e+09 3.179573047390732765e+09 2.446501817995124817e+09 2.237487888854290485e+09 2.643559179487794876e+10 2.344691684262334061e+10 1.897988910923593140e+10 1.189370771808139038e+10 8.589262745492527008e+09 6.130129271543886185e+09 5.469952636253187180e+09 4.226922739527582169e+09 3.303747312628777504e+09 2.573970252021941185e+09 2.365438103051829815e+09 2.643792190907159424e+10 2.344993953888246536e+10 1.900197776968238449e+10 1.196625908995080948e+10 8.689350753505605698e+09 6.256740456365347862e+09 5.605072203060617447e+09 4.378557715433945656e+09 3.465950841744941711e+09 2.741635157655342579e+09 2.534278649704934597e+09 2.644130319219631195e+10 2.345387644492254639e+10 1.903023113865093231e+10 1.206002025920053101e+10 8.819101973777370453e+09 6.421291760337728500e+09 5.780837861939875603e+09 4.576412120329825401e+09 3.678647318618780136e+09 2.963357009977035046e+09 2.758348083287710190e+09 2.644594296053971863e+10 2.345903262520097733e+10 1.906632218376681519e+10 1.218134055936043358e+10 8.987629322776268005e+09 6.635613932518242836e+09 6.010016141983223915e+09 4.835319849832922935e+09 3.958610915717761993e+09 3.257900553152395725e+09 3.057044479749517441e+09
3.114417983076920319e+10 2.761584548300032043e+10 2.231493752589995193e+10 1.389726340580617523e+10 9.972576362899147034e+09 7.047677703247893333e+09 6.261464661989987373e+09 4.781521932559451103e+09 3.686088750481750011e+09 2.826271490139528751e+09 2.581848759586145878e+09 3.114611761144791412e+10 2.761858122476226425e+10 2.233532987648580170e+10 1.396345809782825661e+10 1.006358317025801277e+10 7.162487675763205528e+09 6.383851507449572563e+09 4.918375013639766693e+09 3.831594040879988670e+09 2.975041221374061584e+09 2.730907560480933189e+09 3.114881893028905106e+10 2.762213621408043289e+10 2.236144140875801468e+10 1.404891717313898087e+10 1.018138323200063705e+10 7.311421747368313789e+09 6.542747498394420624e+09 5.096510151712061882e+09 4.021762303740752220e+09 3.170887086273222446e+09 2.927795921416698456e+09 3.115264854732607269e+10 2.762676669132728958e+10 2.239484488113816071e+10 1.415937745749022484e+10 1.033412909981085205e+10 7.505036426435015678e+09 6.749515144146215439e+09 5.329048189646327019e+09 4.271288017267827988e+09 3.430155842184609413e+09 3.189415292755886078e+09 3.115805323514441681e+10 2.763281660631660461e+10 2.243751368964511490e+10 1.430233206332914543e+10 1.053257083322812653e+10 7.757310160181180000e+09 7.019229754041661263e+09 5.633511226699424744e+09 4.600016718799174309e+09 3.775067269900269032e+09 3.538800501477162838e+09
3.668863603422596741e+10 3.252545402210988998e+10 2.625951989300637054e+10 1.631953369380084801e+10 1.168942418743432045e+10 8.239888867299722672e+09 7.312806068800503731e+09 5.568259299583522797e+09 4.278674505200412273e+09 3.269461258117292404e+09 2.983359175463241577e+09 3.669083951755287170e+10 3.252868970277834320e+10 2.628359212551681519e+10 1.639747002561747169e+10 1.179650804862530327e+10 8.374918652202650070e+09 7.456716933101235390e+09 5.729033861651831627e+09 4.449306975498064995e+09 3.443294260709182262e+09 3.157227836303698540e+09 3.669395954284483337e+10 3.253284234719177246e+10 2.631441721503562546e+10 1.649809961150720215e+10 1.193514023662871170e+10 8.550123988214315414e+09 7.643604257691603661e+09 5.938373150895787239e+09 4.672402568120737076e+09 3.672294231929249763e+09 3.387074874140239716e+09 3.669834440066601562e+10 3.253827532765517044e+10 2.635385032221347809e+10 1.662818695776632500e+10 1.211493296149324226e+10 8.777953683006292343e+09 7.886875413664009094e+09 6.211766680054521561e+09 4.965326557827184677e+09 3.975740715807194710e+09 3.692866572404583454e+09 3.670456705813097382e+10 3.254535236009185028e+10 2.640422443839966583e+10 1.679656864882134819e+10 1.234856459222364807e+10 9.074906510245382309e+09 8.204321134973099709e+09 6.569899233927607536e+09 5.351496260028774261e+09 4.379950963019658089e+09 4.101893184546205044e+09
4.320918031751657104e+10 3.829926715977021027e+10 3.089785555130623627e+10 1.916722080249293518e+10 1.370732845921828651e+10 9.640374055147491455e+09 8.547406546905339241e+09 6.491090348213961601e+09 4.972615128853983879e+09 3.787310822648003101e+09 3.452118532522354126e+09 4.321169469820631409e+10 3.830299536988811493e+10 3.092622043252202225e+10 1.925893964186540604e+10 1.383331255294071960e+10 9.799198988099542618e+09 8.716645487845808029e+09 6.680025588122559547e+09 5.172822934435605049e+09 3.990625601969281197e+09 3.655155057718806744e+09 4.321515241768898010e+10 3.830783315080960846e+10 3.096253931333108902e+10 1.937737554319286728e+10 1.399642994771843147e+10 1.000531079623227692e+10 8.936481578430503845e+09 6.926119646283628464e+09 5.434721402161663055e+09 4.258647219340750694e+09 3.923762171699493885e+09 4.322020128211169434e+10 3.831413300934889221e+10 3.100900265188731384e+10 1.953049741569150162e+10 1.420800855221125412e+10 1.027339828078114128e+10 9.222715774313426971e+09 7.247626085744841576e+09 5.778750537355528831e+09 4.614090458608115196e+09 4.281505595635425568e+09 4.322740383260211182e+10 3.832237631011288452e+10 3.106835460387855148e+10 1.972871786308880615e+10 1.448300187415423965e+10 1.062291958520306396e+10 9.596338975370107651e+09 7.668964757411688805e+09 6.232589560690274239e+09 5.088130134840518951e+09 4.760746171006205559e+09
5.086703482668881226e+10 4.508034956027917480e+10 3.634600579728511810e+10 2.251307856803207016e+10 1.607859553366989326e+10 1.128579249671449471e+10 9.997605710120651245e+09 7.574135202263792038e+09 5.785917857992923737e+09 4.393075230354806900e+09 4.000063498151946545e+09 5.086975306898041534e+10 4.508463614171892548e+10 3.637933867652320099e+10 2.262094094085871887e+10 1.622676375804261017e+10 1.147259116342716599e+10 1.019664885262821579e+10 7.796225321669952393e+09 6.020958833723573685e+09 4.631091202722311974e+09 4.237394800856600285e+09 5.087384815205543518e+10 4.509020855304457092e+10 3.642201975962410736e+10 2.276023111358641434e+10 1.641862918372759247e+10 1.171505285475170326e+10 1.045524134668969345e+10 8.085584324991098404e+09 6.328542229734428406e+09 4.945028418847223282e+09 4.551600466780016899e+09 5.087947596243045044e+10 4.509747074688110352e+10 3.647661646626950836e+10 2.294032669772301102e+10 1.666752921961294365e+10 1.203048452881701469e+10 1.079201667202336693e+10 8.463733897201179504e+09 6.732762259937715530e+09 5.361689192351461411e+09 4.970480464681301117e+09 5.088772088355734253e+10 4.510696730243451691e+10 3.654635607524694061e+10 2.317348208817162704e+10 1.699106733724641418e+10 1.244181451664247704e+10 1.123172436596335220e+10 8.959474384154932022e+09 7.266288901157243729e+09 5.917936675612523079e+09 5.532358932563421249e+09
5.984280939304374695e+10 5.302921281448792267e+10 4.273487516683827972e+10 2.644046207751907349e+10 1.886385581543072891e+10 1.321904569680089188e+10 1.170133954253456688e+10 8.845760042213752747e+09 6.739777478701829910e+09 5.102385169475117683e+09 4.641260436006550789e+09 5.984595078492362976e+10 5.303406628161495972e+10 4.277390453283873749e+10 2.656717343420941925e+10 1.903803276381378174e+10 1.343872500956845284e+10 1.193542154008319855e+10 9.106868402852556229e+09 7.015832339558933258e+09 5.381239531859062195e+09 4.918935033944342613e+09 5.985038942859157562e+10 5.304040003189983368e+10 4.282387521706586456e+10 2.673080860048230362e+10 1.926359097502492142e+10 1.372390225442493057e+10 1.223958750809215355e+10 9.447140879976404190e+09 7.377209989594971657e+09 5.749223322450087547e+09 5.286781444426312447e+09 5.985680048932435608e+10 5.304865238217235565e+10 4.288778786621270752e+10 2.694238674846536636e+10 1.955622218306114578e+10 1.409495518797206497e+10 1.263578589488673973e+10 9.891941105008365631e+09 7.852285766742318153e+09 6.237939990285565376e+09 5.777604576754754066e+09 5.986608422119063568e+10 5.305944721073216248e+10 4.296940992579133606e+10 2.721630238327214050e+10 1.993663869517871857e+10 1.457890446674141312e+10 1.315317934379736519e+10 1.047523173906438637e+10 8.479627133127943039e+09 6.890975203272446632e+09 6.436766686825500488e+09
7.033476765484063721e+10 6.232230003859925079e+10 5.020946331065137482e+10 3.104366740860886765e+10 2.213285880474459076e+10 1.549022627376429749e+10 1.370301822413064766e+10 1.033926799343251038e+10 7.859149427786329269e+09 5.933669898734986305e+09 5.392301037818028450e+09 7.033818054719572449e+10 6.232770810609797668e+10 5.025493243449868774e+10 3.119228534209239578e+10 2.233744655442138672e+10 1.574849996599020004e+10 1.397826893717140770e+10 1.064627368247070312e+10 8.183478330468862534e+09 6.260581945387679100e+09 5.717431749344247818e+09 7.034305290861364746e+10 6.233475068964206696e+10 5.031313871955479431e+10 3.138420750944601059e+10 2.260239093587346649e+10 1.608381906113679695e+10 1.433597537463002586e+10 1.104643701006603050e+10 8.608156978907100677e+09 6.692176634776382446e+09 6.148400383598535538e+09 7.035015520711579895e+10 6.234394240063592529e+10 5.038756611643071747e+10 3.163234926558724976e+10 2.294613637106359100e+10 1.652015671706406212e+10 1.480197947871688652e+10 1.156963789285521126e+10 9.166633138664644241e+09 7.265697886905611038e+09 6.723870336907934189e+09 7.036054204595777893e+10 6.235596847890995026e+10 5.048259211179537964e+10 3.195357705377143478e+10 2.339299468033208847e+10 1.708930840367237854e+10 1.541062237946426201e+10 1.225590012227005768e+10 9.904376894976907730e+09 8.032660739657709122e+09 7.497537577013419151e+09
8.255570858243891907e+10 7.314917518157752991e+10 5.892675049741954803e+10 3.642754856182154083e+10 2.596494437813129425e+10 1.815751709656136322e+10 1.605447287051174545e+10 1.209375533115562057e+10 9.173356065986349106e+09 6.908619809161639214e+09 6.272733519091759682e+09 8.255938036312342834e+10 7.315501289012849426e+10 5.897936322859786224e+10 3.660146019273001099e+10 2.620495772547074509e+10 1.846103127811594009e+10 1.637804487240302467e+10 1.245472395124998474e+10 9.554480245214246750e+09 7.292068075577295303e+09 6.653684647574149132e+09 8.256463211064346313e+10 7.316262146814730835e+10 5.904669580330089569e+10 3.682602737529882812e+10 2.651577296011577225e+10 1.885510401729705811e+10 1.679858293311960602e+10 1.292530133595003510e+10 1.005364239046198082e+10 7.798510967479330063e+09 7.158902244880240440e+09 8.257236196974739075e+10 7.317255829156040955e+10 5.913276392651527405e+10 3.711634201236750793e+10 2.691901245337506485e+10 1.936792181477049637e+10 1.734648883365190506e+10 1.354066257751398468e+10 1.071023260543466187e+10 8.471824501183507919e+09 7.833987165390446663e+09 8.258372468455662537e+10 7.318560463207452393e+10 5.924259611188218689e+10 3.749209652895970154e+10 2.744316262476970291e+10 2.003685740755147552e+10 1.806215067625671005e+10 1.434795122029528618e+10 1.157785033991328239e+10 9.372856549070564270e+09 8.742405793351531982e+09
9.672789103135263062e+10 8.570773064250698853e+10 6.905189567204896545e+10 4.270611982895440674e+10 3.044900396219116211e+10 2.128804421795143127e+10 1.881592310518637466e+10 1.415501397027246094e+10 1.071684191833901787e+10 8.052734406713545799e+09 7.305530058244684219e+09 9.673155748166648865e+10 8.571379109786511230e+10 6.911223575729150391e+10 4.290896892685599518e+10 3.073006455832783890e+10 2.164446099433903122e+10 1.919611675148653030e+10 1.457939341326982689e+10 1.116476846318111420e+10 8.502702948688517570e+09 7.752151919330532074e+09 9.673699847084423828e+10 8.572167636826506042e+10 6.918942972438629150e+10 4.317086070227232361e+10 3.109400461401686478e+10 2.210721279940186310e+10 1.969026034234283829e+10 1.513269312078010178e+10 1.175152623872897911e+10 9.097190346876255035e+09 8.344716227450345993e+09 9.674513236883454895e+10 8.573201961163130188e+10 6.928805145595378113e+10 4.350935096972945404e+10 3.156609116892410660e+10 2.270938688451098251e+10 2.033407325436208344e+10 1.585631252715445709e+10 1.252349749515869904e+10 9.887907200915042877e+09 9.136976160259916306e+09 9.675742482526132202e+10 8.574563036759899902e+10 6.941380953447229004e+10 4.394731126500624084e+10 3.217959180944871902e+10 2.349481013141284943e+10 2.117498744580188751e+10 1.680572129509939766e+10 1.354382456160929489e+10 1.094666364330982399e+10 1.020395271576683235e+10
1.130753771894718323e+11 1.001977231872895660e+11 8.075252616860671997e+10 4.999973482081143188e+10 3.568259289039750671e+10 2.495846027619611359e+10 2.205683071098336411e+10 1.657659314979182434e+10 1.253004764214018250e+10 9.396011436307876587e+09 8.517757096383746147e+09 1.130791173030482025e+11 1.002036257926838531e+11 8.082094971753997803e+10 5.023528899674389648e+10 3.601085485955091858e+10 2.537650715090713120e+10 2.250320466934398270e+10 1.707540119109659576e+10 1.305649699813785172e+10 9.924201638105123520e+09 9.041592498835103989e+09 1.130845108098410034e+11 1.002113296543925781e+11 8.090843705153376770e+10 5.053932253800960541e+10 3.643583070737252045e+10 2.591923009565988922e+10 2.308334008970717239e+10 1.772579060598563766e+10 1.374622574988659668e+10 1.062223933420986938e+10 9.736876996492082596e+09 1.130927038058984222e+11 1.002214471770455933e+11 8.102012589817753601e+10 5.093213272884320068e+10 3.698693731766556549e+10 2.662536600634379959e+10 2.383913189042397308e+10 1.857642688669576263e+10 1.465381008626909065e+10 1.155103022876771736e+10 1.066697050999496460e+10 1.131055582783613129e+11 1.002348249674075317e+11 8.116241587213597107e+10 5.144011016326997375e+10 3.770282920569371033e+10 2.754617533700050354e+10 2.482614745436853027e+10 1.969249713098353958e+10 1.585359116285517120e+10 1.279528791861031342e+10 1.192045056857227898e+10
1.318170984976557922e+11 1.168125432328991547e+11 9.419101993414758301e+10 5.843049964482940674e+10 4.176979580098114014e+10 2.925499901077280426e+10 2.585647356228338242e+10 1.942082866176866531e+10 1.466035659568864250e+10 1.097365755026273537e+10 9.941168596917690277e+09 1.318200990747231140e+11 1.168176805104261627e+11 9.426751800855035400e+10 5.870241151551453400e+10 4.215176149494298553e+10 2.974446069900650406e+10 2.637989995035912323e+10 2.000688334657191467e+10 1.527906708348205948e+10 1.159380954303027344e+10 1.055578243387665939e+10 1.318250157786679382e+11 1.168244448115435181e+11 9.436525502201062012e+10 5.905323098490206909e+10 4.264610554225623322e+10 3.037977403735317230e+10 2.706008897813253784e+10 2.077103441522548676e+10 1.608976529068685913e+10 1.241360026383266258e+10 1.137185435143039322e+10 1.318328820749774933e+11 1.168334088990652771e+11 9.448990783125576782e+10 5.950623750051911926e+10 4.328686754054692078e+10 3.120613075355765152e+10 2.794602749072315216e+10 2.177042304307499695e+10 1.715663653313547325e+10 1.350472848250758553e+10 1.246402869311248589e+10 1.318456358838109741e+11 1.168453785892822571e+11 9.464849161061538696e+10 6.009160142083832550e+10 4.411866556854396057e+10 3.228321371917362213e+10 2.910259539384416962e+10 2.308150811303722000e+10 1.856711568749965668e+10 1.496707341189965820e+10 1.393682902437595558e+10
1.531537600464649963e+11 1.357293987333115692e+11 1.095148865423163757e+11 6.811547244427826691e+10 4.881736055923566437e+10 3.427263986720081711e+10 3.030391975387076187e+10 2.275988242538686371e+10 1.716322803076689339e+10 1.282700425889621353e+10 1.161306621556521225e+10 1.531559134414142761e+11 1.357330024746579285e+11 1.095989201177658234e+11 6.842693714624391937e+10 4.925956018448889923e+10 3.484421808962368011e+10 3.091654739072351456e+10 2.344796640102537155e+10 1.789025512565528488e+10 1.355523814865707397e+10 1.233437966849555779e+10 1.531597527847998352e+11 1.357378015007605591e+11 1.097061758514129486e+11 6.882855298346936035e+10 4.983156314285123444e+10 3.558584873879112244e+10 3.171242822130958176e+10 2.434508384243896103e+10 1.884294089499259567e+10 1.451811913184405518e+10 1.329243974494222450e+10 1.531666784468088684e+11 1.357442816839263000e+11 1.098427875847822266e+11 6.934674308096127319e+10 5.057246781241808319e+10 3.654999754448632812e+10 3.274862220101191330e+10 2.551817011599316025e+10 2.009670858770808792e+10 1.580004317519858170e+10 1.457515766869347382e+10 1.531785906486481323e+11 1.357531331954670715e+11 1.100162758339496918e+11 7.001560060094583130e+10 5.153329884309486389e+10 3.780570660180934906e+10 3.410047399546271896e+10 2.705665366191737366e+10 2.175422687358616257e+10 1.751862690339602280e+10 1.630574994827913475e+10
1.772603737782916565e+11 1.570991853018495789e+11 1.268454901210588226e+11 7.915738607076910400e+10 5.692856488015243530e+10 4.011288851965686798e+10 3.549701084230637360e+10 2.667646754542103195e+10 2.010336237018327713e+10 1.500450162311320877e+10 1.357719397285396957e+10 1.772610353845225830e+11 1.571002074892800598e+11 1.269358116372120056e+11 7.951063842851690674e+10 5.743700429923549652e+10 4.077784083307169342e+10 3.621203797601437378e+10 2.748345967758151245e+10 2.095739959159968185e+10 1.585971396383913231e+10 1.442390142658164406e+10 1.772631640537647705e+11 1.571016353244628906e+11 1.270509435349878693e+11 7.996577571429878235e+10 5.809420557342094421e+10 4.164013007827262115e+10 3.714050146495100403e+10 2.853536410899789047e+10 2.207650609801840210e+10 1.699069906912886047e+10 1.554882214317995453e+10 1.772681007231429749e+11 1.571038739215003052e+11 1.271973278342109375e+11 8.055238340223048401e+10 5.894459323937714386e+10 4.276021473916272736e+10 3.834846463288453674e+10 2.991034821267329407e+10 2.354917374185036469e+10 1.849672920667061615e+10 1.705544912578053665e+10 1.772782056054367676e+11 1.571073465184421692e+11 1.273827811559231567e+11 8.130841444401594543e+10 6.004582294600858307e+10 4.421728510246851349e+10 3.992277735395735168e+10 3.171253501499312210e+10 2.549569983334729385e+10 2.051613992665999985e+10 1.908887649861823273e+10
2.042739565973781128e+11 1.810357615202667847e+11 1.462656166077396851e+11 9.163255061080313110e+10 6.619418150329990387e+10 4.687943287034107208e+10 4.153970671623503876e+10 3.126404758466378784e+10 2.355585474798119354e+10 1.756287782194828415e+10 1.588484190593523788e+10 2.042723663205466003e+11 1.810327625645075684e+11 1.463600971588659058e+11 9.202821521194053650e+10 6.677353916981406403e+10 4.764892352394787598e+10 4.237087717859130096e+10 3.220883142779823685e+10 2.455853137467185593e+10 1.856717830866979599e+10 1.687882837408998108e+10 2.042718808119509888e+11 1.810291132726734619e+11 1.464803120626104126e+11 9.253744388213446045e+10 6.752163198697689056e+10 4.864590644797247314e+10 4.344933327095359802e+10 3.343982686994863510e+10 2.587224350188290787e+10 1.989551676743201828e+10 1.819976559426329803e+10 2.042738491952732849e+11 1.810248612861803589e+11 1.466327947052413635e+11 9.319280649957791138e+10 6.848824768019299316e+10 4.993936856741896057e+10 4.485091947773870850e+10 3.504784566465837097e+10 2.760057765157204437e+10 2.166451302614370346e+10 1.996933571609039307e+10 2.042806746367125854e+11 1.810200559680440369e+11 1.468253417090927429e+11 9.403574677695164490e+10 6.973749223195347595e+10 5.161902879553760529e+10 4.667468782161441040e+10 3.715328411842439270e+10 2.988394890154775238e+10 2.403660026900772476e+10 2.235814976622915268e+10
2.342842847698848572e+11 2.076061359288930359e+11 1.678065619985099792e+11 1.055758854575906219e+11 7.667995958590754700e+10 5.467093044725232697e+10 4.853703120854997253e+10 3.662588805888353729e+10 2.760716273593900681e+10 2.056841337564915848e+10 1.859603124662276840e+10 2.342796056956826782e+11 2.075974480679560547e+11 1.679020172992964783e+11 1.060121258574441071e+11 7.733244434524797058e+10 5.555494309763621521e+10 4.949770324058306122e+10 3.772903433944776154e+10 2.878322825410613251e+10 2.174760827635499573e+10 1.976293869749568939e+10 2.342753953081696167e+11 2.075865417129660339e+11 1.680231696059265137e+11 1.065727704117111511e+11 7.817376505526963806e+10 5.669885702378269958e+10 5.074277715074151611e+10 3.916532417396627045e+10 3.032365610484315491e+10 2.330734099076719284e+10 2.131392916450724030e+10 2.342728441812752380e+11 2.075730357496440125e+11 1.681763274887548828e+11 1.072928990795578156e+11 7.925871453056860352e+10 5.818033929695141602e+10 5.235831252813830566e+10 4.103948239464287567e+10 3.234919759205971909e+10 2.538440425347616577e+10 2.339192961439251328e+10 2.342747919695417480e+11 2.075564410387530518e+11 1.683688489295126343e+11 1.082166711394658661e+11 8.065709406366906738e+10 6.009934973012402344e+10 5.445560766763240814e+10 4.348931683467235565e+10 3.502281539507878876e+10 2.816893819527453995e+10 2.619705591908106613e+10
2.673261530045333862e+11 2.368220776255058594e+11 1.914357541762379150e+11 1.209631676606404877e+11 8.841008087088070679e+10 6.356990362826951599e+10 5.658661686227638245e+10 4.287231587541236877e+10 3.235550028643814850e+10 2.409822104802474594e+10 2.178083022915438080e+10 2.673173766220860596e+11 2.368057358639239502e+11 1.915278205197491455e+11 1.214346974628970184e+11 8.913390376928965759e+10 6.457557268482137299e+10 5.768824564746543121e+10 4.415522427967977905e+10 3.373278185580762482e+10 2.548223380933155823e+10 2.315052472405587006e+10 2.673081301486739502e+11 2.367850534059475708e+11 1.916442501734522705e+11 1.220395423435098724e+11 9.006540524803178406e+10 6.587460079890219879e+10 5.911367047009079742e+10 4.582365302143123627e+10 3.553572694546968842e+10 2.731271563407205200e+10 2.497116203299013138e+10 2.672997633509612427e+11 2.367590656447539673e+11 1.917907188554768066e+11 1.228144458695397034e+11 9.126349320019676208e+10 6.755283931058120728e+10 6.095897261212556458e+10 4.799706255961495209e+10 3.790422533142328644e+10 2.974963476227629471e+10 2.741021144939048767e+10 2.672946474536968689e+11 2.367265703381727600e+11 1.919736000021753540e+11 1.238049786852017822e+11 9.280207029253123474e+10 6.971917918654589844e+10 6.334671735224581909e+10 5.083091435884049225e+10 4.102570586340287781e+10 3.301454293222063065e+10 3.070154990739984512e+10
3.033741544321137695e+11 2.686343454934809875e+11 2.170463791689901123e+11 1.376913237524180603e+11 1.013463118524404602e+11 7.362672735894787598e+10 6.576570320614176941e+10 5.011508776528251648e+10 3.791011149242186737e+10 2.824137654038403702e+10 2.552064854464231873e+10 3.033600724350156860e+11 2.686081073099256287e+11 2.171294638619143372e+11 1.381883118587009583e+11 1.021337530711973419e+11 7.475594130537739563e+10 6.701550089480724335e+10 5.159840681064445496e+10 3.951901330612722778e+10 2.986457393328418732e+10 2.712772432972187424e+10 3.033443761865034790e+11 2.685747938573953552e+11 2.172339475984012146e+11 1.388242000009664917e+11 1.031445039945244293e+11 7.621099252428863525e+10 6.862893514930940247e+10 5.352413985985870361e+10 4.162307395179570770e+10 3.201069773427279663e+10 2.926360953613615417e+10 3.033281533053753052e+11 2.685326888959008789e+11 2.173643639463558960e+11 1.396360909376262512e+11 1.044399348468468628e+11 7.808444953591773987e+10 7.071094567614552307e+10 5.602646687725604248e+10 4.438283099686071777e+10 3.486594584348896790e+10 3.212382994494576263e+10 3.033138661965046387e+11 2.684796347683240967e+11 2.175254431478052673e+11 1.406690488013469238e+11 1.060954272554881134e+11 8.049134438924244690e+10 7.339277037704489136e+10 5.927718247336992645e+10 4.801097063228143311e+10 3.868659408240683746e+10 3.598014920873761749e+10
