1.638209307831156533e+06 2.238862967471187003e+06 6.254713322946015745e+06 2.299120598261065781e+07 3.455758475940959901e+07 4.502441418102642149e+07 4.826024516956844181e+07 5.511540060671934485e+07 6.118145608601466566e+07 6.689611510239817202e+07 6.868925696906456351e+07 1.637688965038419701e+06 2.235924042332114186e+06 6.214758743832342327e+06 2.271542816640146077e+07 3.411918886914407462e+07 4.440242417852078378e+07 4.756279939700027555e+07 5.423277403536480665e+07 6.009210573789671808e+07 6.556367871116155386e+07 6.726529776711235940e+07 1.636997855481295148e+06 2.232126824911392760e+06 6.164377592777258717e+06 2.236633001683497429e+07 3.356316623494298756e+07 4.361210766468776017e+07 4.668270841049882770e+07 5.312484534843218327e+07 5.873322196551225334e+07 6.389405432380620390e+07 6.548267896611503512e+07 1.636164661042340333e+06 2.227351315199978650e+06 6.101103063730966300e+06 2.192774666005724669e+07 3.286190597221302614e+07 4.261778786588443816e+07 4.557894580585820973e+07 5.173118459567507356e+07 5.702129029248376191e+07 6.185698044662077725e+07 6.332822316700636595e+07 1.634922737278110813e+06 2.221271210356869269e+06 6.022165411778188311e+06 2.138115295048257709e+07 3.198634034294365719e+07 4.138371235436111689e+07 4.420161740855170786e+07 5.000721003549635410e+07 5.493140430211761594e+07 5.933481903985670209e+07 6.069363974190723896e+07
2.114366940514401998e+06 2.902126448721919209e+06 8.050027355254847556e+06 2.860011025922111422e+07 4.244557869030500948e+07 5.484965606728370488e+07 5.865060259475606680e+07 6.665984777648203820e+07 7.371350694642364979e+07 8.029352966201297939e+07 8.235226774816837907e+07 2.113535591500726994e+06 2.898379640521272551e+06 8.000518707311242819e+06 2.827480392845652997e+07 4.193290242210023850e+07 5.412626006324130297e+07 5.784645927438399941e+07 6.564333552207109332e+07 7.246239031965850294e+07 7.877234944365929067e+07 8.072353974719187617e+07 2.112547475203762762e+06 2.893690408331304789e+06 7.937905106578532606e+06 2.786271143301299959e+07 4.128281550151521713e+07 5.320998604500114918e+07 5.682637054794266820e+07 6.436161973209011555e+07 7.089822331222289801e+07 7.686049653896541893e+07 7.869073151582528651e+07 2.111559270507277455e+06 2.887585426580801606e+06 7.859133698132685386e+06 2.734362099372765049e+07 4.046143211755110323e+07 5.205526315262413025e+07 5.553924881418289244e+07 6.274722388371117413e+07 6.892412402720074356e+07 7.451667228593644500e+07 7.623000370801804960e+07 2.110137449563480448e+06 2.879870072170942090e+06 7.760748953481596895e+06 2.669414972106331587e+07 3.943221215534055233e+07 5.060593544088605046e+07 5.393478302649626136e+07 6.074931451308345050e+07 6.650865360057522357e+07 7.161598125799167156e+07 7.320746257065550983e+07
2.710590627196622081e+06 3.744229466723596677e+06 1.030300752879906446e+07 3.546997540737047046e+07 5.202278821470646560e+07 6.669990654228041321e+07 7.116189510714477301e+07 8.052068174277718365e+07 8.869770803959721327e+07 9.628014761190329492e+07 9.865647636067068577e+07 2.709659394958184566e+06 3.739582492519883905e+06 1.024182057667202316e+07 3.508664724253412336e+07 5.142321927054928988e+07 6.585797551343858242e+07 7.022919669269140065e+07 7.934992133179706335e+07 8.726044813500808179e+07 9.454816850610226393e+07 9.681016766273343563e+07 2.708531749353033025e+06 3.733516707826684695e+06 1.016434503485197015e+07 3.460006128902324289e+07 5.066142616948413849e+07 6.478952218793705851e+07 6.904617932781453431e+07 7.787116834193333983e+07 8.546992076279911399e+07 9.237527714454129338e+07 9.448545219155718386e+07 2.706966108218532056e+06 3.725978928584624082e+06 1.006694471604296379e+07 3.398567664040511101e+07 4.969918155579873919e+07 6.344428591382320225e+07 6.755359853980654478e+07 7.600413620034737885e+07 8.320084685438340902e+07 8.969081602607363462e+07 9.165984672480249405e+07 2.705138405609392095e+06 3.716281564069484361e+06 9.944995784115394577e+06 3.321495729385387525e+07 4.849069680736887455e+07 6.175881898691283911e+07 6.568549747800491005e+07 7.368748708709520102e+07 8.041513784685729444e+07 8.635977391975493729e+07 8.818155271859456599e+07
3.464797771030082833e+06 4.802746883244710043e+06 1.312174119562426582e+07 4.386239844058042765e+07 6.362994527962443233e+07 8.097389506972923875e+07 8.622372959229893982e+07 9.714785345476020873e+07 1.066348665567106903e+08 1.153808996732428074e+08 1.180942645755968690e+08 3.463849779570139945e+06 4.796835345849747770e+06 1.304657320982320607e+07 4.341129141195178032e+07 6.293032568266490847e+07 8.000136119615560770e+07 8.514198963221299648e+07 9.580146248136211932e+07 1.049817509170888662e+08 1.134003396694007963e+08 1.159825790945935547e+08 3.462446545269754715e+06 4.789380891521535814e+06 1.295143994615712762e+07 4.283779031133954227e+07 6.203805333893262595e+07 7.876295152276137471e+07 8.376564539483256638e+07 9.409332908195868134e+07 1.029191018568950742e+08 1.109119734127565175e+08 1.133341679274991751e+08 3.460464547501664143e+06 4.779793748865342699e+06 1.283148131516132131e+07 4.211249660717496276e+07 6.091100280334356427e+07 7.719267226603125036e+07 8.202785579029324651e+07 9.193291439153480530e+07 1.003017514795701057e+08 1.078196779092569649e+08 1.101042234198942184e+08 3.458297939046459273e+06 4.767610613630061038e+06 1.268073474971400015e+07 4.120084546472877264e+07 5.949125753171546757e+07 7.522593261643335223e+07 7.985251215229004622e+07 8.924362617284193635e+07 9.708334160137717426e+07 1.039907775360957831e+08 1.061029550809260160e+08
4.397095729776400141e+06 6.133777801828157157e+06 1.663447286601471342e+07 5.409120812683466822e+07 7.766146892384676635e+07 9.815950336817868054e+07 1.043134822169855982e+08 1.170665887838797420e+08 1.280485736751049161e+08 1.381257745989826918e+08 1.412495778308655620e+08 4.395302882128134370e+06 6.126473977214697748e+06 1.654232157125041634e+07 5.356172584666559845e+07 7.684701395789670944e+07 9.703101648586241901e+07 1.030640540417434722e+08 1.155121135525604784e+08 1.261574074139713049e+08 1.358700474481376112e+08 1.388409104648873210e+08 4.393696204675049521e+06 6.117298504846173339e+06 1.642557687559039146e+07 5.288721227032596618e+07 7.580836555760852993e+07 9.559227706234119833e+07 1.014696176021270901e+08 1.135377993055327535e+08 1.237998680117162019e+08 1.330309591901556849e+08 1.358180618901661038e+08 4.391393057361244224e+06 6.105429478578422219e+06 1.627836507884376682e+07 5.203253285346517712e+07 7.448779246618130803e+07 9.377070565748329461e+07 9.945246268376827240e+07 1.110391814843587726e+08 1.207833376949313730e+08 1.294840960303931087e+08 1.321094575673038960e+08 4.388487891678331420e+06 6.090153011656575836e+06 1.609373906609813869e+07 5.095513863731826097e+07 7.282723620039145648e+07 9.147827973894302547e+07 9.692353524358290434e+07 1.079244406431654096e+08 1.170681184072863609e+08 1.250785161586879790e+08 1.275266401750224233e+08
5.571110541023189202e+06 7.789094613033339381e+06 2.099152218646211922e+07 6.652551109210423380e+07 9.461289298032306135e+07 1.188158503739497513e+08 1.260314561677958071e+08 1.409163196763894260e+08 1.536296200195013583e+08 1.652331929595913887e+08 1.688051798286513090e+08 5.568954709311878309e+06 7.779687435976765119e+06 2.087892748006002605e+07 6.590408947953826189e+07 9.366197573126544058e+07 1.175076724374157786e+08 1.245850937201488614e+08 1.391293476172277927e+08 1.514649406293723285e+08 1.626484229228421450e+08 1.660627349653282166e+08 5.566927242810288444e+06 7.767683125413231552e+06 2.073605845326831937e+07 6.511157875357268006e+07 9.244816069740748405e+07 1.158333697035928965e+08 1.227384174914586842e+08 1.368570649982142448e+08 1.487607079686307907e+08 1.594151097182906866e+08 1.626382041089094579e+08 5.564071409536816180e+06 7.752278775065843016e+06 2.055556042531866953e+07 6.410557930785283446e+07 9.090648148141551018e+07 1.137100403584477752e+08 1.203923335154851675e+08 1.339750322196387351e+08 1.453047049239943922e+08 1.553578722622792721e+08 1.583956595503275096e+08 5.560524782438054681e+06 7.732601172577132471e+06 2.032885363817293197e+07 6.283537263427515328e+07 8.895905929547780752e+07 1.110359202939709723e+08 1.174445000725954175e+08 1.303640068877545893e+08 1.410275582021504045e+08 1.503146088287355602e+08 1.531319039972713888e+08
7.010403993776643649e+06 9.845509582154644653e+06 2.637889241377021745e+07 8.161452150521868467e+07 1.150596746525304168e+08 1.436119202405664623e+08 1.520748482952838540e+08 1.694309404443159699e+08 1.841795312474349737e+08 1.975123682873802185e+08 2.016170775271790922e+08 7.007750590574529022e+06 9.833861036202315241e+06 2.624191823377044871e+07 8.088594108969961107e+07 1.139488087930736840e+08 1.420936306461286247e+08 1.503995026531535387e+08 1.673666929751759768e+08 1.816907024880727232e+08 1.945807497864364386e+08 1.985024226112146676e+08 7.005339771664216183e+06 9.818919905458236113e+06 2.606767975232295692e+07 7.995523772358398139e+07 1.125329032302308828e+08 1.401530940836406052e+08 1.482611260369705856e+08 1.647422994234817028e+08 1.785699041254298985e+08 1.908866772629973888e+08 1.945905879867020249e+08 7.001368132834117860e+06 9.799881614270577207e+06 2.584763405000229925e+07 7.877234668174639344e+07 1.107337255094204247e+08 1.376914788287457526e+08 1.455467190546494424e+08 1.614078932220032513e+08 1.745825412948673964e+08 1.862280787102140188e+08 1.897265080919183493e+08 6.996856846012231894e+06 9.775611506301041692e+06 2.557104164385567978e+07 7.727559894646422565e+07 1.084526214464117289e+08 1.345779527540346980e+08 1.421228269011041224e+08 1.572320488647210598e+08 1.696455588576850593e+08 1.804311982432767153e+08 1.836858520713746548e+08
8.803008814210643992e+06 1.239420294889888167e+07 3.301526910577112436e+07 9.988295160286821425e+07 1.396692044201715887e+08 1.733566230622550547e+08 1.832696853999214172e+08 2.035124432167944908e+08 2.205706437082755566e+08 2.359374576916269958e+08 2.406204967116802931e+08 8.799607136101147160e+06 1.237984930106558651e+07 3.284859007975118235e+07 9.902823992891310155e+07 1.383804098949824274e+08 1.715973297530832291e+08 1.813332288086946011e+08 2.011372968985177577e+08 2.177443771331654787e+08 2.325850261790174544e+08 2.370835779417442977e+08 8.796139662655508146e+06 1.236138183973933011e+07 3.263681307611091435e+07 9.793761953564023972e+07 1.367289233884334266e+08 1.693416168739304543e+08 1.788538725987788141e+08 1.981087446799938679e+08 2.141556503194186985e+08 2.283666960741919577e+08 2.326305261540980041e+08 8.791573827945685014e+06 1.233789122155157290e+07 3.236901280072331056e+07 9.655005260420173407e+07 1.346238199814407527e+08 1.664713548256709576e+08 1.757038663105891049e+08 1.942566000114706159e+08 2.095713260331786275e+08 2.230255327448590398e+08 2.270575735100262761e+08 8.785599195357766002e+06 1.230792469764515013e+07 3.203107114071619511e+07 9.478983450760173798e+07 1.319585447787602246e+08 1.628432534218090773e+08 1.717225647515993714e+08 1.894169282402458787e+08 2.038805023342215121e+08 2.163862675746393204e+08 2.201475735777491331e+08
1.100687910186089948e+07 1.554381284777399898e+07 4.116129526941561699e+07 1.219644324097548127e+08 1.692749529233089089e+08 2.089773642630161345e+08 2.205999906400806010e+08 2.442080747270482183e+08 2.639675887756592929e+08 2.816209391583039761e+08 2.869839542613906860e+08 1.100262353596103936e+07 1.552587509042448178e+07 4.095920196043881774e+07 1.209646074675217420e+08 1.677697632820290029e+08 2.069376751096594930e+08 2.183575256739458144e+08 2.414782352811718583e+08 2.607202820016496181e+08 2.778063618097549677e+08 2.829715820221992731e+08 1.099813233847658522e+07 1.550290398863936402e+07 4.070286193759842217e+07 1.196846715950701088e+08 1.658443374367116392e+08 2.043260722208666205e+08 2.154855691182005405e+08 2.379802673441073895e+08 2.566101019461522102e+08 2.730078247465155721e+08 2.779230712452251315e+08 1.099255421312218346e+07 1.547347353547452763e+07 4.037798615441471338e+07 1.180546302113540471e+08 1.633937451530973315e+08 2.010050650428335369e+08 2.118328486559623480e+08 2.335331067451518178e+08 2.513487753082335591e+08 2.668873309582222998e+08 2.715361598877242804e+08 1.098566769810735993e+07 1.543597110887652077e+07 3.996797332798677683e+07 1.159853428671154082e+08 1.602702913072851598e+08 1.967817910537519753e+08 2.072050928619964421e+08 2.279281826895923615e+08 2.447768595475421548e+08 2.592816434475236535e+08 2.636031975177388191e+08
1.371214110425986350e+07 1.941614011086741462e+07 5.113560096644538641e+07 1.486096132829789817e+08 2.048264783393315971e+08 2.516251689535408616e+08 2.652532666194889545e+08 2.927709583190499544e+08 3.156627342462667823e+08 3.359451744292484522e+08 3.421047252675610185e+08 1.370761438554204814e+07 1.939379894227483496e+07 5.089152736286702752e+07 1.474381634724878967e+08 2.030777456590720117e+08 2.492608883646995723e+08 2.626555065755155087e+08 2.896254097208920717e+08 3.119371398292925954e+08 3.316072045463173985e+08 3.375422359700665474e+08 1.370183398049921729e+07 1.936560227002206445e+07 5.058180093713558465e+07 1.459391415971951187e+08 2.008278459218041003e+08 2.462247976817977130e+08 2.593227110694553554e+08 2.855961875869791508e+08 3.072092035752204657e+08 3.261387807934556007e+08 3.317689258154216409e+08 1.369421230477799848e+07 1.932954925364875793e+07 5.018867457728528976e+07 1.440279595912390947e+08 1.979592777923504114e+08 2.423608335232988894e+08 2.550815861599882245e+08 2.804598361364229321e+08 3.011510290810925961e+08 3.191092524157611728e+08 3.244578307820858955e+08 1.368496198814206570e+07 1.928332061076885462e+07 4.969099190408022702e+07 1.415951471031434238e+08 1.943167266875685751e+08 2.374541570130618215e+08 2.496984850226685703e+08 2.739675148958377242e+08 2.935741083844341636e+08 3.103889342430347800e+08 3.153818184402770996e+08
1.702350498539551720e+07 2.416757530632008240e+07 6.330975419075319916e+07 1.806984480005256236e+08 2.474666898634766340e+08 3.026216244742047191e+08 3.185822004554515481e+08 3.506637565093784332e+08 3.771770474576125145e+08 4.005170501891846061e+08 4.075460921759881973e+08 1.701763546922814474e+07 2.414028425427400693e+07 6.301435941557860374e+07 1.793279863690688908e+08 2.454262984762660563e+08 2.998783095801008940e+08 3.155760333160194755e+08 3.470393075770860910e+08 3.729119287246624827e+08 3.955617666830397844e+08 4.023528280225939751e+08 1.701003622918770835e+07 2.410533016309368983e+07 6.263868452939403057e+07 1.775690847649384439e+08 2.428123006342631876e+08 2.963573313412169814e+08 3.117191338393923640e+08 3.423902549597241282e+08 3.674752530098459125e+08 3.893221754193181992e+08 3.958026725870400667e+08 1.700106952551043779e+07 2.406071343718099222e+07 6.216251353480646014e+07 1.753274765452206433e+08 2.394700564985817969e+08 2.918694573524572253e+08 3.068036111143271327e+08 3.364550227550216317e+08 3.605187759069900513e+08 3.812691306034786701e+08 3.874448935894660354e+08 1.699029728105059639e+07 2.400383414967335761e+07 6.156142797016003728e+07 1.724701135697499514e+08 2.352054687153934240e+08 2.861514083693737388e+08 3.005468279976497293e+08 3.289326758199073672e+08 3.517805196152940392e+08 3.712840355549057722e+08 3.770324940043708086e+08
2.106503754988238215e+07 2.997218700919940695e+07 7.812562815324933827e+07 2.192963497920989990e+08 2.985563995746113658e+08 3.635398164834798574e+08 3.822403483835007548e+08 4.196570146843721271e+08 4.503653445382812023e+08 4.771949291316413283e+08 4.852390962295958996e+08 2.105759415728897229e+07 2.993827600364831835e+07 7.776976453488956392e+07 2.176903274751552641e+08 2.961821444544836879e+08 3.603636276304022670e+08 3.787637335613258481e+08 4.154926330224928856e+08 4.454871549260371327e+08 4.715627713547835350e+08 4.793594636078894138e+08 2.104834591729229689e+07 2.989519872473835945e+07 7.731637119776435196e+07 2.156313337087650895e+08 2.931339125021071434e+08 3.562736346908773184e+08 3.742907782166912556e+08 4.101287785759938955e+08 4.392512522454609275e+08 4.644491957616543770e+08 4.718943138157651424e+08 2.103707774419284239e+07 2.984016279246948659e+07 7.674131815773655474e+07 2.130013496255238354e+08 2.892292287496746778e+08 3.510534337596051097e+08 3.685900973859793544e+08 4.032696392425805926e+08 4.312371681349738240e+08 4.552151789153645039e+08 4.622988846871501207e+08 2.102261890044190735e+07 2.976991723284675181e+07 7.601486907974420488e+07 2.096456034456185997e+08 2.842450390630169511e+08 3.443880658667457104e+08 3.613252711462007165e+08 3.945539011607339978e+08 4.211542536839998364e+08 4.437586738547357917e+08 4.503893965614666343e+08
2.598841898165395111e+07 3.704803949617682397e+07 9.611437712959013879e+07 2.656451254809695482e+08 3.597053460767977238e+08 4.362509851745491028e+08 4.581768235350130200e+08 5.018275375081567168e+08 5.373934671834571362e+08 5.682521699306124449e+08 5.774415541816552877e+08 2.597880044884976745e+07 3.700648352786087245e+07 9.568625967499627173e+07 2.637621487147693336e+08 3.569301870722193122e+08 4.325611156838195324e+08 4.541501544284708500e+08 4.970166551951748133e+08 5.317996933380498886e+08 5.618456023253352642e+08 5.707477215355871916e+08 2.596814222679677606e+07 3.695359242800138146e+07 9.514062696174393594e+07 2.613481919017550647e+08 3.533715157279059887e+08 4.278159649708976746e+08 4.489636813357129097e+08 4.908141574816339016e+08 5.246226317709296346e+08 5.537042375561996698e+08 5.622665702185164690e+08 2.595403486321733519e+07 3.688603731948347390e+07 9.444763227971787751e+07 2.582622985396209955e+08 3.488188775800955296e+08 4.217547224334363937e+08 4.423507657091535926e+08 4.828906152497799397e+08 5.154072305587133765e+08 5.431135929065706730e+08 5.512954273343626261e+08 2.593662052355446294e+07 3.680001342900784314e+07 9.357058480218316615e+07 2.543207032608740330e+08 3.430010244566705823e+08 4.139968618254335523e+08 4.338890568166850209e+08 4.727941534167249799e+08 5.037839201219692230e+08 5.299946371767793894e+08 5.376301948541690111e+08
3.196425990807946026e+07 4.565007451381319016e+07 1.179017696238709539e+08 3.212181110784944892e+08 4.327906985266546607e+08 5.229799240032660961e+08 5.486817295681967735e+08 5.996000344252544641e+08 6.408089793959325552e+08 6.762907703613917828e+08 6.868077286886435747e+08 3.195311309513582289e+07 4.559925777249068022e+07 1.173869670371583253e+08 3.190140711397357583e+08 4.295646873060501218e+08 5.186953345002610683e+08 5.440131417831013203e+08 5.940509643899911642e+08 6.344206505932286978e+08 6.690056899211980104e+08 6.792281535980547667e+08 3.193867247899033129e+07 4.553413087992250919e+07 1.167310889356064349e+08 3.161876619669873118e+08 4.254112889159035087e+08 5.131805304374982119e+08 5.379913458962221146e+08 5.869025802898800373e+08 6.261525878944780827e+08 6.597132313539376259e+08 6.695566123855687380e+08 3.192166855904838443e+07 4.545129306893303245e+07 1.158979484633111358e+08 3.125690839593934417e+08 4.201014728368011117e+08 5.061340176338432431e+08 5.303043288447716832e+08 5.777313933341854811e+08 6.155545742205866575e+08 6.475849554776762724e+08 6.569758762073433399e+08 3.189964714584463835e+07 4.534542754997920990e+07 1.148401526397875845e+08 3.079408578323050737e+08 4.132980601181902289e+08 4.971024517286447883e+08 5.204679704923809171e+08 5.660266156416941881e+08 6.021202037579836845e+08 6.325228603935917616e+08 6.413371939845088720e+08
3.920308481040503085e+07 5.607522349757158756e+07 1.442279043840607107e+08 3.877737159612234235e+08 5.200681769434638023e+08 6.263390481769397259e+08 6.564488174919106960e+08 7.159116707318733931e+08 7.636673549881117344e+08 8.044830778104580641e+08 8.165054834673036337e+08 3.918875570361920446e+07 5.601305876885417104e+07 1.436092015744691789e+08 3.851892994559909701e+08 5.163065447980950475e+08 6.213657819800736904e+08 6.510376211541893482e+08 7.094826778124111891e+08 7.563270317433006763e+08 7.961983657589218616e+08 8.078844534017863274e+08 3.917120024869214743e+07 5.593352483664551377e+07 1.428211849879865646e+08 3.818760248361244798e+08 5.114734288185232282e+08 6.149645177284768820e+08 6.440632873590118885e+08 7.012066045142447948e+08 7.468235659401640892e+08 7.855509931277828217e+08 7.968693826734305620e+08 3.914931749575727433e+07 5.583216107764875889e+07 1.418187761382618546e+08 3.776309483422035575e+08 5.052709881142961979e+08 6.067602389380252361e+08 6.351391360240228176e+08 6.906191070102742910e+08 7.346419129358755350e+08 7.716675515417609215e+08 7.824650496368803978e+08 3.912304203829734772e+07 5.570252259023461491e+07 1.405467907515270710e+08 3.721962593124867082e+08 4.973129887450230718e+08 5.962369137928445339e+08 6.236952418052277565e+08 6.770417780756088495e+08 7.190919981288342476e+08 7.543920601255286932e+08 7.645395538327069283e+08
4.794093317518153042e+07 6.867343876326908171e+07 1.759655888797802627e+08 4.673701693543720245e+08 6.241914904367130995e+08 7.494123135307910442e+08 7.847151039701747894e+08 8.541435535499721766e+08 9.095546324188575745e+08 9.564731210320214033e+08 9.702149505951733589e+08 4.792335252630226314e+07 6.859726188981738687e+07 1.752239225817449093e+08 4.643455128357494473e+08 6.198021543573495150e+08 7.436390171376295090e+08 7.784330807708024979e+08 8.467324699689034224e+08 9.010957432080883980e+08 9.470413427075575590e+08 9.604334757728312016e+08 4.790136242262185365e+07 6.850014592002302408e+07 1.742783030215515196e+08 4.604569739739505053e+08 6.141579153449939489e+08 7.361820005100682974e+08 7.703463708900715113e+08 8.371731341672260761e+08 8.901683913081539869e+08 9.349076674773619175e+08 9.478996071595592499e+08 4.787474459651634097e+07 6.837615722438520193e+07 1.730763084502170980e+08 4.554769564936767817e+08 6.069174821121954918e+08 7.266296922531459332e+08 7.599862511212396622e+08 8.249095946250765324e+08 8.761311798669867516e+08 9.189547416246950626e+08 9.313718400668406487e+08 4.784073781190626323e+07 6.821781609407530725e+07 1.715472226812320948e+08 4.490924319327257276e+08 5.976120647306784391e+08 7.143568685541511774e+08 7.466583022560213804e+08 8.091438872559288740e+08 8.581854872625727654e+08 8.991123792604906559e+08 9.108419648217533827e+08
5.847601326480918378e+07 8.386930885309886932e+07 2.141531958597194254e+08 5.624596560328720808e+08 7.482961439864884615e+08 8.958719094347571135e+08 9.372749197220820189e+08 1.018369206681797981e+09 1.082638533007229090e+09 1.136671730241964579e+09 1.152385103697869539e+09 5.845345129819270968e+07 8.377641760988019407e+07 2.132629439731476307e+08 5.589045550656740665e+08 7.431680577834115028e+08 8.891462407124476433e+08 9.299964699697477818e+08 1.009797398872485638e+09 1.072967965284872890e+09 1.125923047958639860e+09 1.141262875831128597e+09 5.842724257002010942e+07 8.365755178208467364e+07 2.121275427986794710e+08 5.543425737943581343e+08 7.365784147295175791e+08 8.804745783757559061e+08 9.206016061380881071e+08 9.987187103706049919e+08 1.060364614495965958e+09 1.112029170511297226e+09 1.126974116294989824e+09 5.839412388762870431e+07 8.350605849175584316e+07 2.106815897968548238e+08 5.485018061609483957e+08 7.281154067713730335e+08 8.693549354637144804e+08 9.085473034651066065e+08 9.845591573455586433e+08 1.044195018784907579e+09 1.093762644713474989e+09 1.108037188885699034e+09 5.835308752656123042e+07 8.331248998330703378e+07 2.088446948050761223e+08 5.409953764641636610e+08 7.172296248720042706e+08 8.550514868655592203e+08 8.930175143389179707e+08 9.662708922475748062e+08 1.023401469004922152e+09 1.070937862720532894e+09 1.084515885750120640e+09
7.115293851941801608e+07 1.021719281244086623e+08 2.600059100977000296e+08 6.758968799591267109e+08 8.960757134566688538e+08 1.069991261142318606e+09 1.118605847744486570e+09 1.213386418822020292e+09 1.288005639658626318e+09 1.350179656038268566e+09 1.368124355055062294e+09 7.112593522257393599e+07 1.020594194059881419e+08 2.589397868433470428e+08 6.717365215580046177e+08 8.900933573602758646e+08 1.062160450568291664e+09 1.110129101815757751e+09 1.203472538787564754e+09 1.276845779638977766e+09 1.337965120260660172e+09 1.355553847823489189e+09 7.109323338843123615e+07 1.019160299745519757e+08 2.575798553921437860e+08 6.663848684136437178e+08 8.823954603016810417e+08 1.052093966044338226e+09 1.099204416441658735e+09 1.190648807890902281e+09 1.262350640344177723e+09 1.322024438688322544e+09 1.339228138070139408e+09 7.105237373461714387e+07 1.017327634724234343e+08 2.558491893489577472e+08 6.595163974248030186e+08 8.725002339998438358e+08 1.039129695676428676e+09 1.085184700259640455e+09 1.174206459587133884e+09 1.243718476310098410e+09 1.301074758314013481e+09 1.317523634000575066e+09 7.100180464639417827e+07 1.014982687337209880e+08 2.536487833970091045e+08 6.507062435068488121e+08 8.597530651615577936e+08 1.022433248148861170e+09 1.067090127682150126e+09 1.152978818028639555e+09 1.219638474072723866e+09 1.274832421001491785e+09 1.290567041167422533e+09
8.636081079827228189e+07 1.241527535491522402e+08 3.149679395616776347e+08 8.111013973860163689e+08 1.071890845445681095e+09 1.276934172305393457e+09 1.334000109217608929e+09 1.444828930059261322e+09 1.531512400552832603e+09 1.603101040536013603e+09 1.623626733683930159e+09 8.632866763575008512e+07 1.240149194720914215e+08 3.136918783683649302e+08 8.062176471587386131e+08 1.064902902397853374e+09 1.267816251423171997e+09 1.324153041263157606e+09 1.433341380873868942e+09 1.518661372673343182e+09 1.589188468480182648e+09 1.609360455044859171e+09 8.628725482142966986e+07 1.238389506106769592e+08 3.120628627031117678e+08 7.999430578627462387e+08 1.055910962486750245e+09 1.256067930545999527e+09 1.311441551261938334e+09 1.418495573298175335e+09 1.501921959921380043e+09 1.570905933694448948e+09 1.590706618103566170e+09 8.623750133347000182e+07 1.236144269040264189e+08 3.099880012714421749e+08 7.918752831454157829e+08 1.044329190622368336e+09 1.240962088092191696e+09 1.295104006275505066e+09 1.399442356541072845e+09 1.480467257900844574e+09 1.546915465346578360e+09 1.565810445051431894e+09 8.617398851605916023e+07 1.233284005454840064e+08 3.073509338075202107e+08 7.815128313496632576e+08 1.029413192356387973e+09 1.221483822775494099e+09 1.274030410031135321e+09 1.374747083107451916e+09 1.452563318855496407e+09 1.516635776463684797e+09 1.534899636827416658e+09
1.045795980920714438e+08 1.504883251713090241e+08 3.807277043019485474e+08 9.720810340502843857e+08 1.280923930525094271e+09 1.522637844907302856e+09 1.589648365679495573e+09 1.719364214389724731e+09 1.820110254881006002e+09 1.902590778795981407e+09 1.926065608514925003e+09 1.045395296578805447e+08 1.503216025395260453e+08 3.792015801525778770e+08 9.663493179226613045e+08 1.272752259781892776e+09 1.512036881547301292e+09 1.578215818843439102e+09 1.706049654854539156e+09 1.805327328430710316e+09 1.886777045103776693e+09 1.909883262636546373e+09 1.044899376100276709e+08 1.501084282434111238e+08 3.772536460608384609e+08 9.589813575038654804e+08 1.262229009977012873e+09 1.498348324072585821e+09 1.563447737469966412e+09 1.688848442350519896e+09 1.786007081827483892e+09 1.865768977037544012e+09 1.888560139075535297e+09 1.044285717260767519e+08 1.498363460066926479e+08 3.747720702892765999e+08 9.494931732126827240e+08 1.248679532644753456e+09 1.480721058882260084e+09 1.544387218917754173e+09 1.666713505810475588e+09 1.761235779480092764e+09 1.838263716505962372e+09 1.860026606026551247e+09 1.043513969916920066e+08 1.494874840137890875e+08 3.716127853346194625e+08 9.373095510570856333e+08 1.231196121602573872e+09 1.457959763449940443e+09 1.519789068021814585e+09 1.638010117640379429e+09 1.728895087071370840e+09 1.803312738925975800e+09 1.824503126471451759e+09
1.263671596850883514e+08 1.819989459944985211e+08 4.592899937300152183e+08 1.163560692335201263e+09 1.529194900483510733e+09 1.814267808680802584e+09 1.893010821462909460e+09 2.044867333783713341e+09 2.162071927382788658e+09 2.257199735238149643e+09 2.283985951994866848e+09 1.263178106214053929e+08 1.817963965198850930e+08 4.574669362291683555e+08 1.156820298269555569e+09 1.519633788284240484e+09 1.801895439760494232e+09 1.879682162561661243e+09 2.029422969120947838e+09 2.145012543847024918e+09 2.239130899449540138e+09 2.265661296463982105e+09 1.262565993615438491e+08 1.815382620013919473e+08 4.551389194050630927e+08 1.148163854818378210e+09 1.507317229192054749e+09 1.785916956664733887e+09 1.862461571179694891e+09 2.009492152461891174e+09 2.122707738321255684e+09 2.215003125510994434e+09 2.241213652067982197e+09 1.261812446591639817e+08 1.812085813129481077e+08 4.521718546373352408e+08 1.137020104461685658e+09 1.491449036804528236e+09 1.765329533858891010e+09 1.840259569300093889e+09 1.983735297287830114e+09 2.094082627445171833e+09 2.183487602863823891e+09 2.208551336557046413e+09 1.260869940414821506e+08 1.807874784420664608e+08 4.483938654769167304e+08 1.122676244445390463e+09 1.470971063171025991e+09 1.738731113399721622e+09 1.811540045356013536e+09 1.950351738807706594e+09 2.056581838353410006e+09 2.143045186740339756e+09 2.167617863139615536e+09
1.523795160712757707e+08 2.196369727932294011e+08 5.530105406886249781e+08 1.391092099089020967e+09 1.823901910937282562e+09 2.160128357775690556e+09 2.252705025249675751e+09 2.430630876367990017e+09 2.567078165764894485e+09 2.676855048020308495e+09 2.707498134133213520e+09 1.523189426385392249e+08 2.193923329735542536e+08 5.508330888794101477e+08 1.383178767667140245e+09 1.812710201667472839e+09 2.145690129061893225e+09 2.237174454609773159e+09 2.412695181136056423e+09 2.547394214846434593e+09 2.656176246367515564e+09 2.686694851792629719e+09 1.522440278113633692e+08 2.190797647441281080e+08 5.480528681546713114e+08 1.372995801019248724e+09 1.798297266949764013e+09 2.127037300373383760e+09 2.217092705310618877e+09 2.389549517531856060e+09 2.521615783324812412e+09 2.628453117129518509e+09 2.658641208241108418e+09 1.521527483128280938e+08 2.186802307757451236e+08 5.445031996608352661e+08 1.359892254508582115e+09 1.779682854897558212e+09 2.102977602144566059e+09 2.191195526079221249e+09 2.359607147634720802e+09 2.488517511122083187e+09 2.592341376615547180e+09 2.621262768221546650e+09 1.520368024050703943e+08 2.181717242395443916e+08 5.399848224414710999e+08 1.343016047966395378e+09 1.755672098438720703e+09 2.071874848930498123e+09 2.157636031868391037e+09 2.320725555609393597e+09 2.444983493570750713e+09 2.545492330358861446e+09 2.573977031674300194e+09
1.833852236438919902e+08 2.645334718106635213e+08 6.646532511739494801e+08 1.661254365297474384e+09 2.173476346424649715e+09 2.570142191651731014e+09 2.679027948238459110e+09 2.887582410906189442e+09 3.046595178852032185e+09 3.173368969184036255e+09 3.208459888264232159e+09 1.833105374612378776e+08 2.642367240946671665e+08 6.620567177193770409e+08 1.651951186952651978e+09 2.160369757001260281e+09 2.553259033945319653e+09 2.660883175201959133e+09 2.866777653564882278e+09 3.023801194313035965e+09 3.149714407408113003e+09 3.184757668068795681e+09 1.832190084450968206e+08 2.638585309326461852e+08 6.587382573724584579e+08 1.639978897222614288e+09 2.143471214351737738e+09 2.531485099643795490e+09 2.637462027638527870e+09 2.839853735182646751e+09 2.994036364636175156e+09 3.117794154750834942e+09 3.152547457765728951e+09 1.831066706783176363e+08 2.633758333611645401e+08 6.545027223391523361e+08 1.624555940510582209e+09 2.121658061686386585e+09 2.503344360856025219e+09 2.607200457758099556e+09 2.805004312305832863e+09 2.955671577898451328e+09 3.076425315386352539e+09 3.109814051166885376e+09 1.829642058425559700e+08 2.627598990575354099e+08 6.491040990221915245e+08 1.604690362731491566e+09 2.093459210411912203e+09 2.466911008353885651e+09 2.567975600242251873e+09 2.759692564649984360e+09 2.905132859472714424e+09 3.022078247027219772e+09 3.055097786267503262e+09
2.203145883219474852e+08 3.179868943298735619e+08 7.974998297913502455e+08 1.981793343887691259e+09 2.587847210251725674e+09 3.055864579323347569e+09 3.183994764740581512e+09 3.428656809318857670e+09 3.614083760216813087e+09 3.760642557236070633e+09 3.800841894082006931e+09 2.202253301268779039e+08 3.176304100780850053e+08 7.944028323565721512e+08 1.970849291393861532e+09 2.572477821287228584e+09 3.036142753195913315e+09 3.162833231218046665e+09 3.404482250541803360e+09 3.587732305995594978e+09 3.733542178240383148e+09 3.773856137605046272e+09 2.201137357690227628e+08 3.171758138101722002e+08 7.904444484981634617e+08 1.956761467698706627e+09 2.552675820294809341e+09 3.010703660138707638e+09 3.135488665191028595e+09 3.373208330570315838e+09 3.553374525489734650e+09 3.696829923873609543e+09 3.736779981417079449e+09 2.199764553017410040e+08 3.165930331900842190e+08 7.853901371163469553e+08 1.938598870544685364e+09 2.527071191908290863e+09 2.977730307567360878e+09 3.100094404523475647e+09 3.332541435078386307e+09 3.508792738403593540e+09 3.649291575094578743e+09 3.687956615447507858e+09 2.198043096515250802e+08 3.158529482778837681e+08 7.789485718977702856e+08 1.915196112918326378e+09 2.493976742457828999e+09 2.935105430767479420e+09 3.054177858438766479e+09 3.279712712472534180e+09 3.450100425792839050e+09 3.586262926261963844e+09 3.624494199356672764e+09
2.642349232498577237e+08 3.815864323468996882e+08 9.554012745959753990e+08 2.361789448167509079e+09 3.078744430390536785e+09 3.631042593835906506e+09 3.781883961625391006e+09 4.069113774433809280e+09 4.285541150506793976e+09 4.455115251434960365e+09 4.501184313960604668e+09 2.641247233013846874e+08 3.811572876060411930e+08 9.517113219092373848e+08 2.348910788721558094e+09 3.060726233472468853e+09 3.607984056599566936e+09 3.757168888793977737e+09 4.040929262541037083e+09 4.255052776480803013e+09 4.423979354463771820e+09 4.470356265066428185e+09 2.639884578444444835e+08 3.806095580334317684e+08 9.469945135515352488e+08 2.332331121189978600e+09 3.037489759783709526e+09 3.578225284811449528e+09 3.725230746130704880e+09 4.004543104519577980e+09 4.215261800880972385e+09 4.381723655283858299e+09 4.427797228122861862e+09 2.638213035201469064e+08 3.799107809900776148e+08 9.409682732091686726e+08 2.310949389314494133e+09 3.007431531741839886e+09 3.539615170550386429e+09 3.683771314815255165e+09 3.957132031969307899e+09 4.163451479652309418e+09 4.327068738657585144e+09 4.371902351433092117e+09 2.636117899041725695e+08 3.790194239415144920e+08 9.332888231498005390e+08 2.283373408363402843e+09 2.968547315658379078e+09 3.489628499011088848e+09 3.630042268967538834e+09 3.895447230143114567e+09 4.095180341729939461e+09 4.253856979062735081e+09 4.298168456877033234e+09
3.164267089551895857e+08 4.571834646666227579e+08 1.142891462921502829e+09 2.811998329404830456e+09 3.659999467444072247e+09 4.311813514153611183e+09 4.489460685224678993e+09 4.826824399151455879e+09 5.079704212134139061e+09 5.276074597966395378e+09 5.328927613231995583e+09 3.162933127669711709e+08 4.566689541164507270e+08 1.138497995770326614e+09 2.796853275390562057e+09 3.638855284834096909e+09 4.284810622595301151e+09 4.460590070495643616e+09 4.794040599778961182e+09 5.044422080427008629e+09 5.240232986671066284e+09 5.293667637109061241e+09 3.161285329233691096e+08 4.560112133695455790e+08 1.132878701691129923e+09 2.777318843831996441e+09 3.611560400954625130e+09 4.249986870743204594e+09 4.423199225712413788e+09 4.751609460495495796e+09 4.998296370261946678e+09 5.191737646459342957e+09 5.244801406124221802e+09 3.159255104465058446e+08 4.551714354285379648e+08 1.125700756683492661e+09 2.752133388238269806e+09 3.576254890630687714e+09 4.204715048443671703e+09 4.374641454875894547e+09 4.696230941097376823e+09 4.937977399765784264e+09 5.128690774563388824e+09 5.180732107195755005e+09 3.156701627823269367e+08 4.541010776415228844e+08 1.116546399872868061e+09 2.719652034739196301e+09 3.530566501111199379e+09 4.146098754907688141e+09 4.311753802453410149e+09 4.624219421689809799e+09 4.858586191555697441e+09 5.043632809912839890e+09 5.095014923863472939e+09
3.783981990122714043e+08 5.469353666575990915e+08 1.365378267270643234e+09 3.345090822319675922e+09 4.347859440880282402e+09 5.117199062036216736e+09 5.326500249934716225e+09 5.723004489345851898e+09 6.018728534689531326e+09 6.246293398357378960e+09 6.306981455255348206e+09 3.782396929645367265e+08 5.463177638658971786e+08 1.360149211131694794e+09 3.327254705394876480e+09 4.323024678332015038e+09 5.085634210921689034e+09 5.292704842295200348e+09 5.684814676979983330e+09 5.977770432468883514e+09 6.205088090080940247e+09 6.266612650835412025e+09 3.780400441771327257e+08 5.455282258823791742e+08 1.353462497838770866e+09 3.304267120341946602e+09 4.290966228800029755e+09 5.044711234639460564e+09 5.248917386684127808e+09 5.635243456757157326e+09 5.924328015711505890e+09 6.149358037141757965e+09 6.210554977110785484e+09 3.777946237119131684e+08 5.445204061476362944e+08 1.344918213790895939e+09 3.274590498379001617e+09 4.249474997589638710e+09 4.991672687802618980e+09 5.192058298712505341e+09 5.570571401334987640e+09 5.854013310641746521e+09 6.076461958841198921e+09 6.136950615174903870e+09 3.774842385891263485e+08 5.432350328227324486e+08 1.334025206963552952e+09 3.236300626450302601e+09 4.195750641119879246e+09 4.922900678960608482e+09 5.118294319053729057e+09 5.486394399849792480e+09 5.761574267440911293e+09 5.977624784776897430e+09 6.037231711138294220e+09
4.519007711454688311e+08 6.534667369035300016e+08 1.629179760646195173e+09 3.975993716622085094e+09 5.161485775691532135e+09 6.069658168683286667e+09 6.316306292835978508e+09 6.782558280025961876e+09 7.128613701110393524e+09 7.392596470341783524e+09 7.462299452297586441e+09 4.517088106529287696e+08 6.527271254614323378e+08 1.622970076910016775e+09 3.954990310728053570e+09 5.132338841312382698e+09 6.032596626866477966e+09 6.276727083595880508e+09 6.738035677002481461e+09 7.081137752757695198e+09 7.345270676124663353e+09 7.416147618849492073e+09 4.514681194490395784e+08 6.517820375639184713e+08 1.615026358620668173e+09 3.927913992921752453e+09 5.094686580649520874e+09 5.984660056150382996e+09 6.225395441647992134e+09 6.680135506232498169e+09 7.018992178687166214e+09 7.281215656037093163e+09 7.351917804590127945e+09 4.511694645345715880e+08 6.505747933485769033e+08 1.604861977078330994e+09 3.892957482124451637e+09 5.045878141757636070e+09 5.922393168300594330e+09 6.158730688222957611e+09 6.604458390455570221e+09 6.937088670165742874e+09 7.196726510349881172e+09 7.267133385703266144e+09 4.507968551900305152e+08 6.490372629568599463e+08 1.591888713512014389e+09 3.847811002351314068e+09 4.982677487845726013e+09 5.841617284415430069e+09 6.072213251323490143e+09 6.506012576836201668e+09 6.829414456291931152e+09 7.081844810218663216e+09 7.151048379838782310e+09
5.390876926736429930e+08 7.798064585244565010e+08 1.941794528468440771e+09 4.722327088698065758e+09 6.123575515769473076e+09 7.195574443672573090e+09 7.486292554103746414e+09 8.034966386054582596e+09 8.440260513520263672e+09 8.746822185654176712e+09 8.826945418048009872e+09 5.388543530797663927e+08 7.789214320291674137e+08 1.934407243005970001e+09 4.697593056777895927e+09 6.089312610644253731e+09 7.152115651922512054e+09 7.439936244915798187e+09 7.982934262518615723e+09 8.385072013924595833e+09 8.692222738005105972e+09 8.773877521131231308e+09 5.385650898741854429e+08 7.777913756122514009e+08 1.924961369533786058e+09 4.665694002499114990e+09 6.044998087485622406e+09 7.095839628891262054e+09 7.379775448556331635e+09 7.915221764035415649e+09 8.312764545637750626e+09 8.618573893994049072e+09 8.700355822685197830e+09 5.382044832216911316e+08 7.763497948846774101e+08 1.912895910696128130e+09 4.624495091780501366e+09 5.987622573285879135e+09 7.022749445904295921e+09 7.301522203962340355e+09 7.826624453727049828e+09 8.217172794606375694e+09 8.520510866423346519e+09 8.602424339034868240e+09 5.377565851880869865e+08 7.745113914627447128e+08 1.897478035634804249e+09 4.571252292818541527e+09 5.913235988151492119e+09 6.927848656536208153e+09 7.199950087298855782e+09 7.711366466653034210e+09 8.091677458686064720e+09 8.386957862739684105e+09 8.467437795710980415e+09
6.424416739551823139e+08 9.295793495471340418e+08 2.312081652057466984e+09 5.604863486721447945e+09 7.260687993259346008e+09 8.526046553236439705e+09 8.868885351296588898e+09 9.514777166446445465e+09 9.989737102445699692e+09 1.034608081983792114e+10 1.043831750374735832e+10 6.421623018343867064e+08 9.285228086506651640e+08 2.303312727298449993e+09 5.575725544947456360e+09 7.220424254193035126e+09 8.475111025694004059e+09 8.814521998119428635e+09 9.453955313457448959e+09 9.925629683058053970e+09 1.028310467923744011e+10 1.037724710674747276e+10 6.418127069827132225e+08 9.271723424025375843e+08 2.292094898978229046e+09 5.538126880694774628e+09 7.168328986470633507e+09 8.409007850126901627e+09 8.743930625698501587e+09 9.374632199801183701e+09 9.841350779374998093e+09 1.019838195120584679e+10 1.029312606598264885e+10 6.413781350852706432e+08 9.254499363923037052e+08 2.277765426407917976e+09 5.489579353543022156e+09 7.100834764720046043e+09 8.323134941276323318e+09 8.652100461512809753e+09 9.270899380321857452e+09 9.729694787652866364e+09 1.008427542929997826e+10 1.017976801922219467e+10 6.408370571544712782e+08 9.232528960508079529e+08 2.259452184680837631e+09 5.426806646755032539e+09 7.013279368349896431e+09 8.211567350149217606e+09 8.532725034852301598e+09 9.135816948600042343e+09 9.583332525380531311e+09 9.929073872272773743e+09 1.002265622383584595e+10
7.649305325374467373e+08 1.107087339535804033e+09 2.750513572526261330e+09 6.648090078750301361e+09 8.604371079825767517e+09 1.009791247802660942e+10 1.050216419496234703e+10 1.126277917844860077e+10 1.181997807298833656e+10 1.223449531082788658e+10 1.234065990641752625e+10 7.645937088517501354e+08 1.105827611904546738e+09 2.740114865693817139e+09 6.613771291277537346e+09 8.557014511124168396e+09 1.003807256711130333e+10 1.043844994642368698e+10 1.119164009131532097e+10 1.174537747637214279e+10 1.216175947295924377e+10 1.227043270439707565e+10 7.641762261802858114e+08 1.104216947876605988e+09 2.726813837683826447e+09 6.569468427525529861e+09 8.495718291259314537e+09 9.960392961488044739e+09 1.035552212659207153e+10 1.109867252784137535e+10 1.164692860331594849e+10 1.206407028444129944e+10 1.217414429195830536e+10 7.636506319537329674e+08 1.102162383591828346e+09 2.709794533266993523e+09 6.512243713023996353e+09 8.416273144601196289e+09 9.859517000581869125e+09 1.024769019890517807e+10 1.097713663037880898e+10 1.151643602693492699e+10 1.193116225825424957e+10 1.204246668488677979e+10 7.630009366317968369e+08 1.099542366349724531e+09 2.688078921624032974e+09 6.438257682123453140e+09 8.313226774765647888e+09 9.728294754096281052e+09 1.010730630138266754e+10 1.081860678247324944e+10 1.134553862109939194e+10 1.175089824403540993e+10 1.185976551012731934e+10
9.100600478974514008e+08 1.317402749188888550e+09 3.269497913774802208e+09 7.881005626482739449e+09 1.019166993844004250e+10 1.195436078841515160e+10 1.243114140012707138e+10 1.332703690852894974e+10 1.398113971149045563e+10 1.446376778838274574e+10 1.458609274050077248e+10 9.096552044115018845e+08 1.315903138544926405e+09 3.257181413438747883e+09 7.840573981858670235e+09 1.013595610041250610e+10 1.188406663259291077e+10 1.235630333874743652e+10 1.324385101397737312e+10 1.389432252360844231e+10 1.438004613321770477e+10 1.450548225231426430e+10 9.091506992848490477e+08 1.313985312570409775e+09 3.241399880388166904e+09 7.788368815556911469e+09 1.006379071020459938e+10 1.179279467099240112e+10 1.225887612115254974e+10 1.313479285327499771e+10 1.377922777260462952e+10 1.426696274543382072e+10 1.439495601870812798e+10 9.085245869009647369e+08 1.311538361701675177e+09 3.221231200100273132e+09 7.720916643544867516e+09 9.970325777998945236e+09 1.167418470676345062e+10 1.213219318024102783e+10 1.299223913525911903e+10 1.362653080274732590e+10 1.411171646735113907e+10 1.424162584143450928e+10 9.077444667381836176e+08 1.308417198380234003e+09 3.195471775897307873e+09 7.633681915049361229e+09 9.848948544640684128e+09 1.151978851940081787e+10 1.196714644999449348e+10 1.280607081762859344e+10 1.342666965223512077e+10 1.390261816742652893e+10 1.402945101548096085e+10
1.081994892948853970e+09 1.566559344218225956e+09 3.883705290345407486e+09 9.337759927377611160e+09 1.206630733728784943e+10 1.414640063001721191e+10 1.470873653264106750e+10 1.576436559148372841e+10 1.653255001968459320e+10 1.709497363068831635e+10 1.723583728363338852e+10 1.081511382083551884e+09 1.564774550854327202e+09 3.869101466618083954e+09 9.290125139149127960e+09 1.200073877629271889e+10 1.406384995918461990e+10 1.462084527018153191e+10 1.566685203270210266e+10 1.643137467272249794e+10 1.699869856993731689e+10 1.714382287437861633e+10 1.080906607371696234e+09 1.562495318021682978e+09 3.850420239006228924e+09 9.228610881932762146e+09 1.191586726303081512e+10 1.395650346221117973e+10 1.450636164965788651e+10 1.553892191630307770e+10 1.629674885818136024e+10 1.686740161858282471e+10 1.701630405796596718e+10 1.080152032088693619e+09 1.559584260663181305e+09 3.826516119506336212e+09 9.149143929959863663e+09 1.180585942985464668e+10 1.381708247303094482e+10 1.435746710744313431e+10 1.537167831985830116e+10 1.611805768308787346e+10 1.668593330899160004e+10 1.683743825928150368e+10 1.079217098207423449e+09 1.555871760240659475e+09 3.795995882100876808e+09 9.046294798020780563e+09 1.166287344486650848e+10 1.363533826934582520e+10 1.416326672185951996e+10 1.515290589269602203e+10 1.588403454310587502e+10 1.644341616737710381e+10 1.659159055468469620e+10
1.285661908603895187e+09 1.861702810370388985e+09 4.610490099853267670e+09 1.105867530100653076e+10 1.427994783556155205e+10 1.673426953787615967e+10 1.739744019625842667e+10 1.864143519840822983e+10 1.954412155680995178e+10 2.019988647185534286e+10 2.036264276163037491e+10 1.285085179815596104e+09 1.859582044280203819e+09 4.593216511067376137e+09 1.100256065094324493e+10 1.420280771932961464e+10 1.663718440581885147e+10 1.729412920539039993e+10 1.852698517057720947e+10 1.942598767838003540e+10 2.008913459092744064e+10 2.025724784783680344e+10 1.284359613452437162e+09 1.856872187745834351e+09 4.571088195678893089e+09 1.093008522460186768e+10 1.410291709642493439e+10 1.651099057396662712e+10 1.715963579427432632e+10 1.837692536976830292e+10 1.926844128221084595e+10 1.993653429605193710e+10 2.010994850655747604e+10 1.283459834805083513e+09 1.853410244339498281e+09 4.542793767459695816e+09 1.083644208523930359e+10 1.397342170906707764e+10 1.634703913510262871e+10 1.698466384063980484e+10 1.818078949036624527e+10 1.905957496601403046e+10 1.972467371997503281e+10 1.990112504132289124e+10 1.282336114280963659e+09 1.848999481457320452e+09 4.506650601523455620e+09 1.071519964487992668e+10 1.380507113399268532e+10 1.613304214669281960e+10 1.675600154896679115e+10 1.792342586745793152e+10 1.878482230495355606e+10 1.944297400487269211e+10 1.961643322130878830e+10
1.526912650222943306e+09 2.211297537199259758e+09 5.470379496759326935e+09 1.309138998793649292e+10 1.689353087321444511e+10 1.978885405310317230e+10 2.057092304767041779e+10 2.203691123211848068e+10 2.309813135131945801e+10 2.386365190260061264e+10 2.405148175403441238e+10 1.526222341231507301e+09 2.208779076642513275e+09 5.449936745278060913e+09 1.302531651261251068e+10 1.680278144673626709e+10 1.967471017790031052e+10 2.044950849524037552e+10 2.190260617895180511e+10 2.296000722261387634e+10 2.373588567001029587e+10 2.393102763434976196e+10 1.525357887339246273e+09 2.205561197482034206e+09 5.423758184169597626e+09 1.293996931949175262e+10 1.668521101310990715e+10 1.952630213141696548e+10 2.029136426239581299e+10 2.172652875010531998e+10 2.277571392110540771e+10 2.355809291551064682e+10 2.376021730856256104e+10 1.524278696880305052e+09 2.201455802523129463e+09 5.390278823826934814e+09 1.282961769966308403e+10 1.653275247138819313e+10 1.933345899411632156e+10 2.008562877478095245e+10 2.149628443286515045e+10 2.253145187561501312e+10 2.331139519330313873e+10 2.351702519940828705e+10 1.522940028686991692e+09 2.196213606332854748e+09 5.347501400186196327e+09 1.268670905800624084e+10 1.633447114732001114e+10 1.908156499315330505e+10 1.981645353089214706e+10 2.119345061972668457e+10 2.220843514287487793e+10 2.298312199851191711e+10 2.318681987662714767e+10
1.812676820569216728e+09 2.625363545562019348e+09 6.487746854710133553e+09 1.549222592959000015e+10 1.997893626131890488e+10 2.339393985365036392e+10 2.431605994518232346e+10 2.604371036738932800e+10 2.729167958327640152e+10 2.818610022619866943e+10 2.840279291203579712e+10 1.811852932595064640e+09 2.622374286258447647e+09 6.463574685782744408e+09 1.541442217190733719e+10 1.987216457583675003e+10 2.325964234550148010e+10 2.417330991864267349e+10 2.588609396199888992e+10 2.713003318099576950e+10 2.803808433897013855e+10 2.826479415654998398e+10 1.810817568782542944e+09 2.618553259769852638e+09 6.432624711177590370e+09 1.531390395850030518e+10 1.973382870544023132e+10 2.308520203214364243e+10 2.398742797907720184e+10 2.567931341386303711e+10 2.691421162568682861e+10 2.783107378791334534e+10 2.806653983097360229e+10 1.809528217158997536e+09 2.613678350238257885e+09 6.393027534004660606e+09 1.518392047612370682e+10 1.955433361437058640e+10 2.285817075937549591e+10 2.374531323315809631e+10 2.540876300123942566e+10 2.662842419478424835e+10 2.754407007160276031e+10 2.778366245566380692e+10 1.807927809906683922e+09 2.607462032094447613e+09 6.342438763604460716e+09 1.501553931890418243e+10 1.932089183894448090e+10 2.256169510751280212e+10 2.342855790295830154e+10 2.505247065742910767e+10 2.624856053707270050e+10 2.716047061797649384e+10 2.740020290068767166e+10
2.151173724271838665e+09 3.115828204785890102e+09 7.691336547338573456e+09 1.832768299985927200e+10 2.362109945015124512e+10 2.764821355822086334e+10 2.873529151726556015e+10 3.077129961461837387e+10 3.223909282679612732e+10 3.328464901064969635e+10 3.353540522297716904e+10 2.150189919364578724e+09 3.112282874143955708e+09 7.662770310206699371e+09 1.823601243948749924e+10 2.349544098919113159e+10 2.749031795868202591e+10 2.856745041721087265e+10 3.058605502617975616e+10 3.204979157963208771e+10 3.311292032883269882e+10 3.337658422259620667e+10 2.148952084444655418e+09 3.107753834163056374e+09 7.626195331818431854e+09 1.811763125046557999e+10 2.333265478690100479e+10 2.728507009328212738e+10 2.834891479895686340e+10 3.034330118276676941e+10 3.179703548715488434e+10 3.287182005431280518e+10 3.314636250137547302e+10 2.147414881014872074e+09 3.101973190695913315e+09 7.579419885949184418e+09 1.796453192858628464e+10 2.312138549645580673e+10 2.701789934047021484e+10 2.806400855072387695e+10 3.002516605083364868e+10 3.146213606772454834e+10 3.253836225357049179e+10 3.281810497979060745e+10 2.145506308440583467e+09 3.094605525031777859e+09 7.519626238763089180e+09 1.776619917932518005e+10 2.284656934385739517e+10 2.666894432615313339e+10 2.769121761180150986e+10 2.960599930652466583e+10 3.101547094472466660e+10 3.208891877332566071e+10 3.237124653296058655e+10
2.552125861870806694e+09 3.696765010412016392e+09 9.115266639184072495e+09 2.167619870550636292e+10 2.792022055373249817e+10 3.266817657120238113e+10 3.394950576125340652e+10 3.634842360887043762e+10 3.807527420793942261e+10 3.929801995610862732e+10 3.958852482071608734e+10 2.550952734714694500e+09 3.692564435678215981e+09 9.081520144191221237e+09 2.156829533115557861e+10 2.777236762700432968e+10 3.248250181925292587e+10 3.375221749884456253e+10 3.613095312633766174e+10 3.785348019694942474e+10 3.909891306513805389e+10 3.940558656497224426e+10 2.549482191506417751e+09 3.687197565096820831e+09 9.038307834043203354e+09 2.142891038416438675e+10 2.758084810276239014e+10 3.224117319422301865e+10 3.349522348340458679e+10 3.584579322783367157e+10 3.755735553686714935e+10 3.881761218785873413e+10 3.913758215407118988e+10 2.547648274028387070e+09 3.680348673978042603e+09 8.983024678411087036e+09 2.124859550923428345e+10 2.733214345854364777e+10 3.192673350132642365e+10 3.315993681174758530e+10 3.547158900671847534e+10 3.716433377914587402e+10 3.843014044227671814e+10 3.875740724003626251e+10 2.545381152163423061e+09 3.671611899564716339e+09 8.912414756867033005e+09 2.101505310450448608e+10 2.700866654765362549e+10 3.151609323648870850e+10 3.272123940167528915e+10 3.497852720468904877e+10 3.663922817816625977e+10 3.790292281407048798e+10 3.823536419153701019e+10
3.027086689829192162e+09 4.384890297914561272e+09 1.079982768234642029e+10 2.563059937321730804e+10 3.299457455073491287e+10 3.859137959683396149e+10 4.010131226567517853e+10 4.292749351690112305e+10 4.495882174222875977e+10 4.638971506127301025e+10 4.672625298959323120e+10 3.025688083513012886e+09 4.379913495580142021e+09 1.075999085966677856e+10 2.550360165446260452e+10 3.282067975830017090e+10 3.837302631657564545e+10 3.986938445872603607e+10 4.267216641074868774e+10 4.469919519606153107e+10 4.615824251798233032e+10 4.651511030679535675e+10 3.023935971581435204e+09 4.373552104946066856e+09 1.070896754297410965e+10 2.533952001073859787e+10 3.259536347656130981e+10 3.808915677656361389e+10 3.956721492024182892e+10 4.233715408827864838e+10 4.435225474510089111e+10 4.583047193875796509e+10 4.620330872353845215e+10 3.021748085053279877e+09 4.365435224564818382e+09 1.064368779357589531e+10 2.512721395968453979e+10 3.230269629511008453e+10 3.771915583103719330e+10 3.917267483705478668e+10 4.189697279485589600e+10 4.389059274320562744e+10 4.537947173961605072e+10 4.576297476828106689e+10 3.019047328267240524e+09 4.355088786185436249e+09 1.056029367201293945e+10 2.485220497322526550e+10 3.192195436582125473e+10 3.723596721756664276e+10 3.865645413766110229e+10 4.131691561050976562e+10 4.327335353187091064e+10 4.476067849061726379e+10 4.515215552727869415e+10
3.589729067518469334e+09 5.200000901320700645e+09 1.279278587242827225e+10 3.030044694905604553e+10 3.898390499451755524e+10 4.557991077451540375e+10 4.735897484859273529e+10 5.068774865251016235e+10 5.307707320992933655e+10 5.475178878934322357e+10 5.514214843927764130e+10 3.588065715668112278e+09 5.194108616294937134e+09 1.274576083715943718e+10 3.015101202727989197e+10 3.877935172953433990e+10 4.532324280800030518e+10 4.708629315394464111e+10 5.038804000008445740e+10 5.277330997051689148e+10 5.448316031230009460e+10 5.489839131879068756e+10 3.585977511093566895e+09 5.186576716373346329e+09 1.268554460819244766e+10 2.995789002720280457e+10 3.851425615123956299e+10 4.498945816899386597e+10 4.673105377837619781e+10 4.999456240950910187e+10 5.236704458012786865e+10 5.410188598293756104e+10 5.453685354914440918e+10 3.583380788515199661e+09 5.176964416915718079e+09 1.260851036608870888e+10 2.970799488714422226e+10 3.816990123400044250e+10 4.455408638128043365e+10 4.626677730503699493e+10 4.947650100521264648e+10 5.182426029814154816e+10 5.357551064519804382e+10 5.402568240759002686e+10 3.580166446396471024e+09 5.164715019010560989e+09 1.251004595183480072e+10 2.938423408804941559e+10 3.772195412079862976e+10 4.398556873424541473e+10 4.565948682087252045e+10 4.879430798789965057e+10 5.109853772664686584e+10 5.284882190247772980e+10 5.330984331852951813e+10
4.256255767429780960e+09 6.165538158455720901e+09 1.515062244513545036e+10 3.581519829990022278e+10 4.605303365831923676e+10 5.382531228593773651e+10 5.592088439746799469e+10 5.984100539373229218e+10 6.265138106208355713e+10 6.461167890713851929e+10 6.506442177369264221e+10 4.254282094909593582e+09 6.158563968005825996e+09 1.509515536760027313e+10 3.563934189616053772e+10 4.581248324763295746e+10 5.352365080024681091e+10 5.560050680252742004e+10 5.948909397340719604e+10 6.229571263268546295e+10 6.429995929171546936e+10 6.478318019405344391e+10 4.251803457688499451e+09 6.149651790813538551e+09 1.502412891101648903e+10 3.541211383066140747e+10 4.550072730249209595e+10 5.313108531005056763e+10 5.518278595670584106e+10 5.902683991563131714e+10 6.181992689853761292e+10 6.385699334132302856e+10 6.436514815302856445e+10 4.248714396227267742e+09 6.138278948137706757e+09 1.493321425579074860e+10 3.511798798327794647e+10 4.509556278897492981e+10 5.261896067342194366e+10 5.463665729264970398e+10 5.841746993859667969e+10 6.118169094069127655e+10 6.324133876502615356e+10 6.377013703052777100e+10 4.244893881120947361e+09 6.123783023130886078e+09 1.481704047002312660e+10 3.473697184380195618e+10 4.456856153044158936e+10 5.195026913813700104e+10 5.392229536364820099e+10 5.761513534536782837e+10 6.032842979145964813e+10 6.238733500773583984e+10 6.293018046582828522e+10
5.045872214504019737e+09 7.309327387951565742e+09 1.794023850490506744e+10 4.232780832775946808e+10 5.439667079288131714e+10 6.355353320156971741e+10 6.602152808322378540e+10 7.063687130317179871e+10 7.394207911606614685e+10 7.623697860213331604e+10 7.676208809609985352e+10 5.043521050694198608e+09 7.301074889838266373e+09 1.787482407327536774e+10 4.212090195630216980e+10 5.411389958055622101e+10 6.319888496341190338e+10 6.564484095877855682e+10 7.022361163040031433e+10 7.352583608496252441e+10 7.587565463976266479e+10 7.643815084002542114e+10 5.040575246711654663e+09 7.290532511403331757e+09 1.779101356073736572e+10 4.185351390133320618e+10 5.374709432473818970e+10 6.273729454182378387e+10 6.515367978712841034e+10 6.968043073362901306e+10 7.296777610265554810e+10 7.536051306320864868e+10 7.595429830410281372e+10 5.036905061475253105e+09 7.277075823777159691e+09 1.768378448752729416e+10 4.150746914553131104e+10 5.327066995479470825e+10 6.213495964073071289e+10 6.451142405185160065e+10 6.896403278908854675e+10 7.221818909826744080e+10 7.463981016548510742e+10 7.526082857788465881e+10 5.032371717769333839e+09 7.259935270198811531e+09 1.754674225035779572e+10 4.105912823198521423e+10 5.265074171058639526e+10 6.134845334998968506e+10 6.367134471244079590e+10 6.802051202483371735e+10 7.121475831754064941e+10 7.363573268272911072e+10 7.427458755240119934e+10
5.981291218724165916e+09 8.664286336639469147e+09 2.124072830048221588e+10 5.001887931971311188e+10 6.424474504356529999e+10 7.503113581035520935e+10 7.793701275545668030e+10 8.336987867466630554e+10 8.725648276993450928e+10 8.994304363166993713e+10 9.055239334346467590e+10 5.978517577343460083e+09 8.654528975791084290e+09 2.116357261201319122e+10 4.977546905547306061e+10 6.391223274774792480e+10 7.461428973568414307e+10 7.749445799744635010e+10 8.288482546178942871e+10 8.676939859469526672e+10 8.952432278697711182e+10 9.017943548507781982e+10 5.975014422813591957e+09 8.642053637508518219e+09 2.106476253319874573e+10 4.946090650443502045e+10 6.348092528163592529e+10 7.407148873378558350e+10 7.691686936106872559e+10 8.224619406634741211e+10 8.611446578225317383e+10 8.892512965773358154e+10 8.962001974273027039e+10 5.970655990339689255e+09 8.626137571986572266e+09 2.093829596831000900e+10 4.905378018204510498e+10 6.292058083197695923e+10 7.336331697479043579e+10 7.616185675206713867e+10 8.140429003113000488e+10 8.523420897241465759e+10 8.808099615110447693e+10 8.881016216377227783e+10 5.965286343992945671e+09 8.605854712527107239e+09 2.077667398453520584e+10 4.852628952637728119e+10 6.219156183068138885e+10 7.243843357105450439e+10 7.517393500777937317e+10 8.029495873702299500e+10 8.405457510136744690e+10 8.690038445607772827e+10 8.765178492625830078e+10
7.089528022316456795e+09 1.026942561567303467e+10 2.514572086201986313e+10 5.910175150673308563e+10 7.586853770885575867e+10 8.857267580455027771e+10 9.199365146157667542e+10 9.838740647450970459e+10 1.029569023370359192e+11 1.061021296847658539e+11 1.068091543364038086e+11 7.086213902264728546e+09 1.025788470338179779e+10 2.505477377876109695e+10 5.881549093787212372e+10 7.547756159710331726e+10 8.808278198023204041e+10 9.147353839795695496e+10 9.781807451406835938e+10 1.023869714059460754e+11 1.056176461028134155e+11 1.063811142379110413e+11 7.082058989278972626e+09 1.024313200794615555e+10 2.493826433943097687e+10 5.844544147592530823e+10 7.497044966298631287e+10 8.744459981991746521e+10 9.079459621803332520e+10 9.706739034622912598e+10 1.016180720431500397e+11 1.049189734395809479e+11 1.057327150743688965e+11 7.076889331536745071e+09 1.022431443618603325e+10 2.478916369058067322e+10 5.796656329097435760e+10 7.431163616425636292e+10 8.661215832730938721e+10 8.990697069789283752e+10 9.607817506857946777e+10 1.005847058431236877e+11 1.039305220521940308e+11 1.047863826591314545e+11 7.070515405045096397e+09 1.020032508171267128e+10 2.459861266993420029e+10 5.734605222692060852e+10 7.345436696950675964e+10 8.552469411430410767e+10 8.874550421546862793e+10 9.477409912184741211e+10 9.919849894057153320e+10 1.025427757393228760e+11 1.034259298569530487e+11
8.402429771622540474e+09 1.217092263538841057e+10 2.976600084661776352e+10 6.982845783451823425e+10 8.958835324650303650e+10 1.045495222807649536e+11 1.085761368903823242e+11 1.160993557048964691e+11 1.214707664521700287e+11 1.251532847046101837e+11 1.259737923212516479e+11 8.398496870317352295e+09 1.215727937081555557e+10 2.965880021252171707e+10 6.949182115124984741e+10 8.912879165890849304e+10 1.039738703620494537e+11 1.079650849233077240e+11 1.154310058084185181e+11 1.208036538905298462e+11 1.245923578327539825e+11 1.254828812102301788e+11 8.393567246791728973e+09 1.213984078241707802e+10 2.952146416206965637e+10 6.905661923763237000e+10 8.853256429043786621e+10 1.032236220583184662e+11 1.071669757774404907e+11 1.145489054134643555e+11 1.199011713368989258e+11 1.237767967440918732e+11 1.247300211658731232e+11 8.387437682824508667e+09 1.211758154716826439e+10 2.934568952486903381e+10 6.849339454341318512e+10 8.775803497767771912e+10 1.022451461377683105e+11 1.061237705719480743e+11 1.133866006249876709e+11 1.186884375420615234e+11 1.226197237466347046e+11 1.236241068031145325e+11 8.379899060425541878e+09 1.208922756820347977e+10 2.912105808809725952e+10 6.776351495678408813e+10 8.675004628125268555e+10 1.009667053385444946e+11 1.047583707538171234e+11 1.118540807883551331e+11 1.170602943524040070e+11 1.209896268199990234e+11 1.220265474897903595e+11
9.957702816245576859e+09 1.442341351779090118e+10 3.523253023977230072e+10 8.249670326235581970e+10 1.057824794880976257e+11 1.233997233009701538e+11 1.281385506486146851e+11 1.369891721965772247e+11 1.433022844519924011e+11 1.476137643848775024e+11 1.485665446077200012e+11 9.953039754171623230e+09 1.440728132278635979e+10 3.510619291524480438e+10 8.210083231603868103e+10 1.052422505062383118e+11 1.227232340106867218e+11 1.274205930558171692e+11 1.362044036571386108e+11 1.425209281627980347e+11 1.469643712914340515e+11 1.480031220605246277e+11 9.947189498124000549e+09 1.438665906847140503e+10 3.494432175344533539e+10 8.158905604064778137e+10 1.045413887873911133e+11 1.218415805183153381e+11 1.264826370237857971e+11 1.351683703432578888e+11 1.414624477932414246e+11 1.460125338213793335e+11 1.471287637919611511e+11 9.939930937455907822e+09 1.436034973926131630e+10 3.473714702139591217e+10 8.092663207527677917e+10 1.036309115117064209e+11 1.206915146206223145e+11 1.252566814679201508e+11 1.338029342696539612e+11 1.400390029290740662e+11 1.446574539545577698e+11 1.458358150557522278e+11 9.930993674912345886e+09 1.432684187306048584e+10 3.447233401680263519e+10 8.006826898956474304e+10 1.024458724755018768e+11 1.191888687058287354e+11 1.236518957768625336e+11 1.320023488477466888e+11 1.381275812347204590e+11 1.427444125235466614e+11 1.439605376352294006e+11
1.179978117725984955e+10 1.709128412295642853e+10 4.169996537922688293e+10 9.745789656596223450e+10 1.248972153724790649e+11 1.456404350573267212e+11 1.512167324609571228e+11 1.616272076778591003e+11 1.690457658682264709e+11 1.740938599705906677e+11 1.752002826472122803e+11 1.179425416533569717e+10 1.707221524928020668e+10 4.155106152673956299e+10 9.699240765998847961e+10 1.242622980266455078e+11 1.448454845511988220e+11 1.503732145843938904e+11 1.607057768108456421e+11 1.681307076303245239e+11 1.733410706564894409e+11 1.745533516334622803e+11 1.178732540345777130e+10 1.704783962145565033e+10 4.136028715969438171e+10 9.639060613552336121e+10 1.234385538731549072e+11 1.438095640893985596e+11 1.492711836477500610e+11 1.594892888023032227e+11 1.668896834274104919e+11 1.722311842763189697e+11 1.735379946838656616e+11 1.177872776047296906e+10 1.701673759542000580e+10 4.111612436276348877e+10 9.561167507072033691e+10 1.223682347115193176e+11 1.424579769863316040e+11 1.478304528105964661e+11 1.578851084121042175e+11 1.652188313762182617e+11 1.706437732910592957e+11 1.720259696410251465e+11 1.176815110345492172e+10 1.697712238700356483e+10 4.080398714128692627e+10 9.460222617524099731e+10 1.209752453280114746e+11 1.406918576613158875e+11 1.459445187402555847e+11 1.557699368312537537e+11 1.629751914196943359e+11 1.684006987678360596e+11 1.698266407782330322e+11
1.398062091057999039e+10 2.025020008079311752e+10 4.935051827837436676e+10 1.151269460384182739e+11 1.474595674591206055e+11 1.718816328292991028e+11 1.784426492794398499e+11 1.906862980602270203e+11 1.994026292357780457e+11 2.053130177391402893e+11 2.065985501599906616e+11 1.397407028739516640e+10 2.022764851518514633e+10 4.917501816151786041e+10 1.145795830956267700e+11 1.467133525134871521e+11 1.709476491092897034e+11 1.774516914078165588e+11 1.896046618993509216e+11 1.983309998139942322e+11 2.044402603047928467e+11 2.058551118116751099e+11 1.396586195184025383e+10 2.019883384770278549e+10 4.895017284522076416e+10 1.138719402210894623e+11 1.457451895021642151e+11 1.697305098615771484e+11 1.761571766292308350e+11 1.881763579866751099e+11 1.968763331297079163e+11 2.031457071042125244e+11 2.046755967509677734e+11 1.395567320242044449e+10 2.016206030863545609e+10 4.866239354674440002e+10 1.129559836764694824e+11 1.444871734992904358e+11 1.681421553719382019e+11 1.744641606416719055e+11 1.862917306948803406e+11 1.949149838545655518e+11 2.012867059610930176e+11 2.029076577065994568e+11 1.394313688323640251e+10 2.011521341614716721e+10 4.829445214047553253e+10 1.117688737612625275e+11 1.428497707200455627e+11 1.660664462936846008e+11 1.722476804036534729e+11 1.838067364864912109e+11 1.922808392761992798e+11 1.986564666963635559e+11 2.003297809398070984e+11
1.656034867402597046e+10 2.398804072409962082e+10 5.839751695729547119e+10 1.359928153046074066e+11 1.740911976573982544e+11 2.028431766112720337e+11 2.105619849927784424e+11 2.249597797040632935e+11 2.351995841252060547e+11 2.421197264762400513e+11 2.436136904459729614e+11 1.655258707002830315e+10 2.396136478492355347e+10 5.819062806550713348e+10 1.353491732388876801e+11 1.732142302864950256e+11 2.017460845829835815e+11 2.093981962616694336e+11 2.236905180379684143e+11 2.339451844997427368e+11 2.411076137025411377e+11 2.427595978413743286e+11 1.654285565701707840e+10 2.392727345118632507e+10 5.792555375934757233e+10 1.345170292651930237e+11 1.720764215828371887e+11 2.003161481227622375e+11 2.078776244730668335e+11 2.220137455506641846e+11 2.322400632972663269e+11 2.395976526211401978e+11 2.413883660702546997e+11 1.653078094052806854e+10 2.388378031949775696e+10 5.758624753050338745e+10 1.334398264684080658e+11 1.705977326101173096e+11 1.984496603679414978e+11 2.058883068887406006e+11 2.198000074637656555e+11 2.299378717772147217e+11 2.374206985208885498e+11 2.393209985796433105e+11 1.651594367814061737e+10 2.382838043166608810e+10 5.715244828413594055e+10 1.320435084637845764e+11 1.686728329914665833e+11 1.960101720794973145e+11 2.032835041959179993e+11 2.168803350490385742e+11 2.268454785034327698e+11 2.343358337335446777e+11 2.362987074263194885e+11
1.960690445312382507e+10 2.840513967402717972e+10 6.908807342992141724e+10 1.606301230870609131e+11 2.055251436851345215e+11 2.393745994039304199e+11 2.484550432889696045e+11 2.653843387032997742e+11 2.774124639480714722e+11 2.855155164905172729e+11 2.872517828117586670e+11 1.959768740142689133e+10 2.837356509069966507e+10 6.884402012964186096e+10 1.598730133977404785e+11 2.044944310274401855e+11 2.380858252138189697e+11 2.470883380403573914e+11 2.638949316891473389e+11 2.759442023586266479e+11 2.843420140092080688e+11 2.862707295730018921e+11 1.958614593622358322e+10 2.833321457796278763e+10 6.853134825187165833e+10 1.588941015650103455e+11 2.031569891104934998e+11 2.364059133710407715e+11 2.453021283425336609e+11 2.619265094250919189e+11 2.739457370215980225e+11 2.825801448713189087e+11 2.846762776056496582e+11 1.957183171687147141e+10 2.828173711152349854e+10 6.813108118683768463e+10 1.576267584760154419e+11 2.014186962037265320e+11 2.342126974641542664e+11 2.429647598198659668e+11 2.593262456844652100e+11 2.712435636149617920e+11 2.800302400507866821e+11 2.822577167150260010e+11 1.955426594182090378e+10 2.821617801234181213e+10 6.761930687329450989e+10 1.559837951052740784e+11 1.991555075781193542e+11 2.313456315209122620e+11 2.399037357074471436e+11 2.558959693940906982e+11 2.676130420334442139e+11 2.764124224153790894e+11 2.787145858704550171e+11
