4.883964199753164337e+01 4.806649975994782409e+01 4.407109633427131712e+01 3.302489930779979233e+01 2.625334011446064864e+01 2.003869465859512289e+01 1.810528966159054320e+01 1.415714923031152850e+01 1.097085136752997414e+01 8.301069017397651351e+00 7.529213951699292195e+00 4.884897513435625171e+01 4.808735933188900447e+01 4.414892762465026266e+01 3.326023292132757803e+01 2.658570899873907933e+01 2.046094894232335903e+01 1.855651985888539102e+01 1.466792252580965084e+01 1.153344371807327207e+01 8.910611898875213654e+00 8.153853005896325001e+00 4.886178859081295656e+01 4.811403621688182142e+01 4.424885911113196357e+01 3.356230908964175796e+01 2.701215809204574825e+01 2.100266051956142377e+01 1.913416167516695410e+01 1.532034440672912190e+01 1.224945679603713344e+01 9.686128097158064776e+00 8.946787981789158906e+00 4.887768729672659163e+01 4.814862015561930519e+01 4.437721561009701787e+01 3.395001902998075138e+01 2.755932367035763519e+01 2.169727087933445020e+01 1.987406383976866664e+01 1.615616212207472913e+01 1.316579876528136595e+01 1.067058211504771847e+01 9.951453563182367290e+00 4.889948445659682363e+01 4.819276713814598878e+01 4.454187776061387893e+01 3.444750129761072088e+01 2.826096214239482407e+01 2.258641811968605495e+01 2.082265347816927914e+01 1.722578939589093849e+01 1.433521325436208471e+01 1.193048035721776401e+01 1.123443350757577441e+01
5.506228003366643975e+01 5.419146160499984433e+01 4.968901357088559934e+01 3.723738434297997912e+01 2.960264189615810082e+01 2.259590867716086038e+01 2.041593722034896530e+01 1.596390016970266856e+01 1.237094881185233497e+01 9.362433949835134328e+00 8.492013505022205422e+00 5.507322240849981654e+01 5.421537995780560948e+01 4.977669187437827247e+01 3.750279237916069519e+01 2.997747117234680658e+01 2.307217138329734851e+01 2.092400878030156974e+01 1.653987823056958462e+01 1.300525534354250112e+01 1.005005136829567824e+01 9.196227934053217368e+00 5.508880627118146833e+01 5.424547988435338652e+01 4.988934302278321553e+01 3.784342491672592956e+01 3.045821412517627635e+01 2.368239890760718325e+01 2.157505502764588456e+01 1.727566475103875732e+01 1.381272114019027697e+01 1.092384863101687209e+01 1.009072520658116545e+01 5.510609335546997301e+01 5.428485374113478201e+01 5.003398865572640375e+01 3.828056388168501201e+01 3.107517720121429861e+01 2.446469628298738286e+01 2.240984403611907538e+01 1.821822521292297381e+01 1.484602310916666568e+01 1.203418780460191151e+01 1.122319153140001013e+01 5.512962505598320462e+01 5.433440657217964542e+01 5.021958998528624818e+01 3.884151648271287627e+01 3.186658098096372527e+01 2.546853051719248739e+01 2.347933198777609576e+01 1.942375863536736347e+01 1.616459804630133235e+01 1.345445241146565607e+01 1.266944230788710080e+01
6.207820424316974339e+01 6.109777179196515817e+01 5.602363188999677135e+01 4.198738043314030222e+01 3.337903218083141610e+01 2.547823705944322015e+01 2.302115903199840830e+01 1.800151747246354361e+01 1.395103374432179955e+01 1.055914671987926745e+01 9.578406057910370919e+00 6.209147027790215390e+01 6.112386176906795754e+01 5.612254830871725630e+01 4.228663202075914285e+01 3.380184495159191016e+01 2.601572854428402692e+01 2.359431986432317174e+01 1.865070784814307459e+01 1.466647409116161249e+01 1.133444758661739904e+01 1.037258269719883508e+01 6.210683956519755355e+01 6.115837178459816670e+01 5.624959943947620644e+01 4.267070264755326292e+01 3.434416990686757742e+01 2.670434581789596606e+01 2.432830910667726698e+01 1.948034032088695966e+01 1.557672178717632150e+01 1.231961271005244640e+01 1.138074826936026440e+01 6.212760929024391032e+01 6.120079697342499969e+01 5.641265591573606741e+01 4.316355544159923596e+01 3.503970555847294577e+01 2.758656741581585692e+01 2.526905087506083447e+01 2.054313823833173203e+01 1.674165252452008446e+01 1.357167756645171508e+01 1.265771274969510607e+01 6.215459923209213855e+01 6.125826269395997770e+01 5.662197251963156930e+01 4.379611628340657603e+01 3.593187300337802981e+01 2.871745239581546016e+01 2.647459737173090843e+01 2.190234934986923676e+01 1.822792078269216987e+01 1.517236074354567776e+01 1.428841415233942769e+01
6.999120157521953445e+01 6.888375909760939919e+01 6.316614943278095495e+01 4.734327339794621992e+01 3.763762749052801126e+01 2.872967301347948776e+01 2.595783887828143222e+01 2.029944043003100873e+01 1.573245534198434825e+01 1.190927272097678546e+01 1.080409279599964023e+01 7.000349604493192146e+01 6.891404457824255303e+01 6.327761138203623403e+01 4.768071110180651573e+01 3.811417209097922409e+01 2.933492299720282404e+01 2.660429533413874026e+01 2.103134008414857092e+01 1.653963173578431878e+01 1.278372629309620478e+01 1.169992980846098440e+01 7.002126740025263985e+01 6.895222074121339517e+01 6.342074067419412842e+01 4.811380918525158989e+01 3.872591631839779325e+01 3.011097169093429216e+01 2.743265908431716582e+01 2.196686598754845221e+01 1.756590572737150069e+01 1.389416169636309917e+01 1.283587450677099184e+01 7.004656816952893905e+01 6.900167136152226988e+01 6.360454591791747703e+01 4.866959082013246984e+01 3.951003076821350390e+01 3.110646851947648273e+01 2.849393040816610778e+01 2.316510324483950356e+01 1.887971757384207194e+01 1.530610863723725323e+01 1.427611547810056081e+01 7.007361539778993631e+01 6.906521366250782989e+01 6.384057600448715419e+01 4.938273872558635702e+01 4.051613468362641157e+01 3.238180997360217361e+01 2.985344873755655115e+01 2.469795205011908479e+01 2.055543271187698551e+01 1.711062032790664844e+01 1.611425704388733138e+01
7.891025288361821310e+01 7.766311420938714605e+01 7.122003197327572366e+01 5.338260554640082489e+01 4.243994071980251448e+01 3.239596733431110209e+01 2.927075578682723389e+01 2.289016368120236322e+01 1.774210282685535844e+01 1.343251721581599334e+01 1.218696369896673204e+01 7.892721121246218274e+01 7.769600056381902675e+01 7.134570476287085228e+01 5.376301438590514437e+01 4.297707086057891246e+01 3.307846714919112685e+01 2.999919988797589454e+01 2.371550053829248839e+01 1.865232106682737268e+01 1.441904378272824694e+01 1.319674550723438600e+01 7.894635448739232686e+01 7.773950746251991006e+01 7.150710444161006762e+01 5.425138428067022289e+01 4.366628986658908929e+01 3.395347111215345848e+01 3.093302100976108449e+01 2.477063018117368287e+01 1.980942639901476454e+01 1.567047074324918832e+01 1.447737932918669301e+01 7.897294107940349761e+01 7.779481035534138300e+01 7.171429166368780272e+01 5.487805162629933164e+01 4.455112455976223629e+01 3.507513069957273899e+01 3.212960090082880527e+01 2.612190624479585210e+01 2.129049505537100373e+01 1.726250017414333016e+01 1.610127148096823291e+01 7.900604233908825336e+01 7.786651155821800785e+01 7.198020708063761219e+01 5.568222977406413321e+01 4.568507257491149431e+01 3.651299079381080048e+01 3.366212123744727336e+01 2.785009781287502051e+01 2.317975684828335048e+01 1.929629708461714444e+01 1.817373379537093925e+01
8.896243422125024836e+01 8.756200690902949191e+01 8.030075930853263344e+01 6.019251809943443732e+01 4.785436008248597517e+01 3.652869650237796151e+01 3.300563981659414736e+01 2.581140489151413320e+01 2.000871846592400516e+01 1.515103044719341874e+01 1.374701912757801381e+01 8.898420365500034279e+01 8.759982640208997395e+01 8.044245622914040439e+01 6.062146662254614427e+01 4.846022628125154341e+01 3.729820447102585490e+01 3.382701387410634908e+01 2.674177675499230489e+01 2.103468648938773811e+01 1.626286114599335519e+01 1.488580304419489941e+01 8.900662645732487022e+01 8.764861127969984977e+01 8.062445988571414546e+01 6.117210347815617411e+01 4.923764703848362245e+01 3.828538756480624983e+01 3.487965427427095477e+01 2.793129564097716511e+01 2.233905230656402807e+01 1.767364865393663464e+01 1.632913726880247651e+01 8.903689862163848545e+01 8.771197136327806732e+01 8.085811373135921087e+01 6.187867685704971166e+01 5.023489064003945259e+01 3.955081299285046725e+01 3.622941696723007965e+01 2.945447377301656289e+01 2.400858862596443899e+01 1.946894698103955434e+01 1.816032450272070164e+01 8.907283436069926097e+01 8.779232821431818934e+01 8.115803328884933876e+01 6.278537426834956392e+01 5.151398318350766203e+01 4.117258835387043803e+01 3.795833266625925972e+01 3.140350888777628313e+01 2.613814755344796836e+01 2.176120455803888731e+01 2.049617957133984447e+01
1.003089924197832801e+02 9.872470202503936321e+01 9.054047017317333257e+01 6.787130928245586858e+01 5.395953825014327521e+01 4.119013606675639494e+01 3.721798274104770599e+01 2.910672761931072827e+01 2.256475781297881866e+01 1.708957567037491287e+01 1.550800336471440843e+01 1.003290339816934136e+02 9.876763797759764429e+01 9.070016091908823341e+01 6.835484221892919265e+01 5.464320275561135531e+01 4.205806183027459610e+01 3.814416681139994836e+01 3.015593682237738093e+01 2.372110956389116154e+01 1.834327526030345723e+01 1.679134491541734064e+01 1.003528363124488294e+02 9.882304461204267909e+01 9.090537436861765741e+01 6.897568897115203868e+01 5.551981749261997834e+01 4.317091991525568773e+01 3.933093895446435795e+01 3.149728386922588186e+01 2.519222036671165554e+01 1.993311026937432118e+01 1.841803228403681914e+01 1.003872351068217483e+02 9.889361323108821011e+01 9.116876020013778259e+01 6.977237870154189636e+01 5.664384246166911652e+01 4.459687499084450479e+01 4.085173025761181265e+01 3.321482702821583644e+01 2.707483357152036163e+01 2.195791349824159511e+01 2.048281209529809743e+01 1.004297642819181817e+02 9.898459368838634020e+01 9.150676379583148901e+01 7.079482117831263110e+01 5.808649373250830905e+01 4.642534948253039317e+01 4.280064583280960733e+01 3.541168317089232431e+01 2.947606660049677174e+01 2.454118818513981282e+01 2.311593285338675940e+01
1.130933416102132867e+02 1.113106460777895848e+02 1.020860336591038617e+02 7.652962870242802751e+01 6.084479266047767254e+01 4.644532022600700572e+01 4.196707896665136417e+01 3.282218546383894875e+01 2.544776798791682992e+01 1.927689708492924936e+01 1.749442473130015330e+01 1.131173329141761599e+02 1.113587854427536570e+02 1.022661185662531125e+02 7.707517213774220011e+01 6.161464313549465999e+01 4.742364604578353493e+01 4.301124017183568071e+01 3.400515641235955400e+01 2.675111723542589459e+01 2.069033593477810129e+01 1.894112343014524669e+01 1.131472524977253329e+02 1.114207968079534794e+02 1.024974212941987872e+02 7.777514141124011360e+01 6.260306604686703480e+01 4.867865097624373760e+01 4.434961321186242600e+01 3.551778188162774796e+01 2.841000842556726980e+01 2.248201906597313737e+01 2.077431314275895602e+01 1.131822571827157731e+02 1.115008286314901937e+02 1.027942944919003594e+02 7.867326508337102098e+01 6.387128118590085535e+01 5.028765050433916883e+01 4.606444944481969372e+01 3.745422237980783819e+01 3.053243793804913508e+01 2.476501685601403580e+01 2.310274105086192264e+01 1.132314324333198812e+02 1.116033695791907263e+02 1.031756385344712470e+02 7.982620768906450337e+01 6.549733959838776798e+01 5.234984239215374657e+01 4.826200896233054749e+01 3.993172059235794791e+01 3.323958705206263886e+01 2.767655328194925346e+01 2.607079226921872106e+01
1.275107471217970527e+02 1.255011595877488588e+02 1.151055482927834674e+02 8.629306569086887180e+01 6.860773943618134751e+01 5.237329272595065532e+01 4.732367627410307165e+01 3.701294099822320049e+01 2.869927731031699381e+01 2.174458111390295301e+01 1.973558033225377173e+01 1.275363610810470192e+02 1.255559309239640555e+02 1.153086009341802765e+02 8.690781813128884892e+01 6.947647533529004704e+01 5.347649838781831022e+01 4.850104739242582497e+01 3.834616913313935527e+01 3.016846740376568903e+01 2.333771220102296695e+01 2.136634264164939623e+01 1.275679216757642678e+02 1.256258424799396636e+02 1.155692266314492826e+02 8.769725366975026759e+01 7.059090389694850387e+01 5.489108717495815171e+01 5.001009016876998459e+01 4.005161044383690694e+01 3.203904867834586412e+01 2.535750849424270470e+01 2.343250156139064799e+01 1.276114074506050571e+02 1.257156764850153223e+02 1.159039280484529826e+02 8.871010219294720400e+01 7.201968572243615085e+01 5.670343085283884221e+01 5.194330283608257304e+01 4.223471283002903931e+01 3.443139374302146649e+01 2.793141401631807597e+01 2.605822576545669378e+01 1.276641082402684617e+02 1.258310947772177570e+02 1.163336777640039514e+02 9.000984521165801766e+01 7.385438832368811291e+01 5.902876271171179212e+01 5.442125601756183784e+01 4.502778417933035371e+01 3.748331477812444490e+01 3.121261987032694663e+01 2.940352322643413174e+01
1.437665063241686028e+02 1.415025282206167390e+02 1.297858164314655767e+02 9.730184322506923422e+01 7.736083757950204642e+01 5.905614503688012462e+01 5.336149076240429423e+01 4.173782837496341358e+01 3.236636891916369052e+01 2.452826212446927556e+01 2.226503697175300900e+01 1.437945787685047208e+02 1.415641558249672300e+02 1.300146915495708697e+02 9.799525631579186324e+01 7.833960975651801562e+01 6.029985014883842354e+01 5.468900346706071502e+01 4.324105299265426083e+01 3.402226308272495459e+01 2.632470934760061709e+01 2.410315985279347117e+01 1.438314719723435076e+02 1.416426134561721142e+02 1.303084634562865745e+02 9.888532169472081534e+01 7.959705362823569885e+01 6.189523944727402238e+01 5.639101078467403738e+01 4.516397278074617105e+01 3.613211890442244112e+01 2.860108219553897868e+01 2.643120850392035237e+01 1.438800277302283064e+02 1.417440039116472974e+02 1.306855996639745285e+02 1.000271716967645261e+02 8.120947390275998146e+01 6.393911712423349059e+01 5.857119104485808947e+01 4.762533395168693318e+01 3.882909042784107356e+01 3.150314081581462489e+01 2.939183036052362752e+01 1.439414533151485500e+02 1.418745989983773939e+02 1.311701592809015722e+02 1.014930204462334444e+02 8.327676013677856304e+01 6.655976309211628461e+01 6.136561667167217138e+01 5.077459877505349084e+01 4.226991827622789799e+01 3.520064770843625723e+01 3.316271779776940321e+01
1.620963313466244813e+02 1.595447779984012868e+02 1.463388988435238502e+02 1.097159678138472287e+02 8.723229885988594390e+01 6.659239152749087509e+01 6.017237872168414015e+01 4.706741827238832343e+01 3.650292891913376536e+01 2.767007642858725447e+01 2.511969115342534309e+01 1.621302948507110386e+02 1.596137376321141517e+02 1.465969904036728906e+02 1.104974010795673394e+02 8.833648584305126406e+01 6.799482646134728725e+01 6.166907253813788259e+01 4.876211565771897227e+01 3.836928914456051132e+01 2.969360760591001025e+01 2.719076476040647705e+01 1.621713184873178761e+02 1.597038644559000318e+02 1.469285097332793555e+02 1.115012422357706470e+02 8.975296509415672119e+01 6.979326968844128487e+01 6.358756337343812959e+01 5.093012636179703634e+01 4.074779932938069038e+01 3.225961424172919578e+01 2.981463753211023970e+01 1.622241518531985207e+02 1.598174280325106622e+02 1.473538586228615941e+02 1.127884967755645249e+02 9.157014779556421047e+01 7.209763873456580541e+01 6.604480864821037756e+01 5.370480854792661063e+01 4.378829160489795669e+01 3.553187049321700641e+01 3.315291626976792827e+01 1.622918134366227321e+02 1.599638264594831583e+02 1.478998716369467843e+02 1.144411292736469505e+02 9.390242270558533733e+01 7.505323010914102611e+01 6.919581933340037949e+01 5.725599821164950498e+01 4.766734108931645864e+01 3.969877632995137873e+01 3.740280600457873561e+01
1.827656959037484796e+02 1.798891673320093219e+02 1.650048093858170546e+02 1.237135778124596754e+02 9.836210160387378210e+01 7.508988363445809000e+01 6.785201384659760038e+01 5.307729158080783094e+01 4.116880776241009698e+01 3.121394081952709953e+01 2.833978702221234514e+01 1.828012529518528027e+02 1.799675283019874712e+02 1.652957637147848970e+02 1.245950118672370195e+02 9.960677696496739486e+01 7.667064124047315943e+01 6.953933503432726582e+01 5.498730917518203398e+01 4.327210557525512513e+01 3.349466442744898842e+01 3.067478560738745230e+01 1.828525449068332875e+02 1.800670794511225665e+02 1.656694957392799665e+02 1.257265792226278052e+02 1.012040619307539373e+02 7.869872318151129775e+01 7.170268692036465552e+01 5.743193017687568158e+01 4.595351335216394517e+01 3.638766297963530150e+01 3.363131051933789450e+01 1.829091054018844318e+02 1.801962302266390168e+02 1.661491984921584617e+02 1.271782828939740568e+02 1.032536064679952545e+02 8.129729726844192328e+01 7.447326905098648808e+01 6.055946577130982433e+01 4.938080721605526691e+01 4.007636668830645732e+01 3.739545909703505799e+01 1.829883359346293616e+02 1.803619205669395171e+02 1.667648483181955044e+02 1.290417949368050472e+02 1.058834435033948722e+02 8.463084685299800469e+01 7.802547062653314924e+01 6.456388049059975742e+01 5.375430239194024296e+01 4.477164871062848306e+01 4.218537751686123727e+01
2.060703193828193776e+02 2.028290660992602454e+02 1.860527689344381201e+02 1.394973197156786568e+02 1.109114055677941053e+02 8.467329713396668467e+01 7.651140288767543041e+01 5.985404675995933133e+01 4.643071110256344269e+01 3.521315768295269777e+01 3.197495770611104859e+01 2.061143693154631649e+02 2.029169873176334988e+02 1.863807160057121450e+02 1.404914311452340598e+02 1.123160729896203804e+02 8.645576577149370223e+01 7.841359690142664363e+01 6.200775908811550607e+01 4.880126817940077899e+01 3.778292012514842924e+01 3.460575592919857968e+01 2.061649727810271315e+02 2.030301076673043781e+02 1.868019770196732452e+02 1.417672778477462430e+02 1.141176555420881868e+02 8.874200100422454796e+01 8.085284150510803158e+01 6.476364639361131026e+01 5.182533071286609072e+01 4.104310821709474055e+01 3.793799097676029675e+01 2.062330420383081275e+02 2.031754006695595649e+02 1.873427941841629263e+02 1.434041496117901318e+02 1.164280061048110610e+02 9.167100946960530905e+01 8.397599930078158081e+01 6.828964475140595880e+01 5.568805675175884318e+01 4.520247481335980666e+01 4.218221121494319448e+01 2.063208831699267876e+02 2.033614499266989810e+02 1.880369843727847865e+02 1.455053070405726885e+02 1.193921908590747734e+02 9.542968817871521026e+01 8.798225599632408489e+01 7.280509390487029009e+01 6.061945398815951336e+01 5.049326759893385486e+01 4.757984600296970257e+01
2.323505647897483470e+02 2.286957982225343926e+02 2.097863939834574580e+02 1.572954286624355404e+02 1.250636859657900715e+02 9.547894749545008608e+01 8.627644830868261749e+01 6.749689015366092804e+01 5.236641039239961515e+01 3.972493956947072746e+01 3.607761864921177875e+01 2.323965927029529439e+02 2.287948685827956865e+02 2.101561762326737437e+02 1.584162007408252748e+02 1.266462943407307478e+02 9.748870767615861155e+01 8.842111985614798186e+01 6.992542085588902978e+01 5.503864612527333833e+01 4.262104197830615959e+01 3.904133800581726632e+01 2.324562658608379593e+02 2.289228821661568531e+02 2.106309998216816837e+02 1.598546121121746069e+02 1.286781696104903290e+02 1.000664324830113827e+02 9.117114732775071673e+01 7.303202792627013196e+01 5.844675695327881471e+01 4.629589621639080832e+01 4.279611098099319122e+01 2.325322646594779883e+02 2.290859842673010576e+02 2.112404383632423333e+02 1.617003353762113989e+02 1.312825429166628624e+02 1.033691656719518477e+02 9.469301035159730873e+01 7.700688763731452013e+01 6.280110415609048857e+01 5.098478662769744574e+01 4.758093998039262829e+01 2.326327649711060985e+02 2.292970915104740754e+02 2.120234673952859339e+02 1.640697499382969795e+02 1.346253244985370827e+02 1.076063331133709937e+02 9.921046904472974859e+01 8.209865781121509087e+01 6.836153450090500883e+01 5.694600745471026215e+01 5.366482868084917612e+01
2.619827090947292163e+02 2.578637919545768682e+02 2.365486620266149771e+02 1.773642632173319669e+02 1.410214158054777158e+02 1.076625253836935627e+02 9.728869859545011423e+01 7.611592504502860379e+01 5.906163302881173394e+01 4.481726690741147223e+01 4.070662094818866450e+01 2.620336545613246244e+02 2.579752367835168911e+02 2.369656990720228578e+02 1.786283363535814317e+02 1.428060742547516213e+02 1.099287029574258838e+02 9.970671960966494396e+01 7.885381596274324068e+01 6.207250079666219023e+01 4.808029135927456110e+01 4.404661911877923330e+01 2.621017000198773417e+02 2.581194603996364094e+02 2.375009714900210724e+02 1.802500176558418730e+02 1.450954141316532287e+02 1.128348023798222357e+02 1.028068272130580993e+02 8.235652535268715724e+01 6.591552363062342579e+01 5.222083992746298264e+01 4.827789893682514588e+01 2.621882728979800277e+02 2.583043884772217780e+02 2.381882707909861949e+02 1.823311641609645903e+02 1.480324478495475944e+02 1.165587264764059938e+02 1.067771303875224191e+02 8.683709589487504843e+01 7.082387235138158132e+01 5.750713412048069273e+01 5.367255188314405956e+01 2.622950847380994333e+02 2.585408094920413191e+02 2.390708535074692236e+02 1.850025604501393559e+02 1.518023109034186859e+02 1.213368764738193590e+02 1.118703982997691071e+02 9.257881745032543108e+01 7.709321691688924716e+01 6.422515912944349736e+01 6.052853155886732139e+01
2.953953246727236888e+02 2.907541557295454595e+02 2.667264616039005887e+02 1.999944632706233847e+02 1.590148831566277181e+02 1.214020757218414275e+02 1.097056818178127315e+02 8.583574308611741799e+01 6.661294443565536483e+01 5.056162622257905781e+01 4.593159316652374002e+01 2.954546428584956175e+02 2.908800213176090210e+02 2.671965281681625015e+02 2.014190313106823851e+02 1.610272402184037333e+02 1.239570194214801973e+02 1.124323085738861749e+02 8.892227749933562109e+01 7.000686702083396540e+01 5.423909303698900430e+01 4.969506512451562230e+01 2.955316145840513400e+02 2.910424763117533757e+02 2.678000218699250468e+02 2.032481254457299542e+02 1.636089655994604470e+02 1.272336746316179017e+02 1.159272025887558613e+02 9.287150620301585491e+01 7.433909008214094172e+01 5.890637327900536491e+01 5.446305103353643062e+01 2.956283703614636806e+02 2.912504672776323673e+02 2.685746535686838001e+02 2.055943896613149775e+02 1.669198804000758685e+02 1.314329194780075625e+02 1.204034190737485233e+02 9.792258634364483783e+01 7.987027556002665563e+01 6.486414425993298494e+01 6.054435817493130401e+01 2.957549005030804210e+02 2.915178630806590263e+02 2.695697444975137955e+02 2.086067633179889640e+02 1.711703188056461045e+02 1.368212199958801989e+02 1.261464211506831532e+02 1.043967923127642905e+02 8.694098611766538909e+01 7.243536161053904721e+01 6.827097032536497068e+01
3.330716457400989725e+02 3.278420081473418577e+02 3.007549568653612937e+02 2.255110848470054918e+02 1.793040590933839553e+02 1.368944878836084911e+02 1.237072347947489561e+02 9.679807709321988796e+01 7.513023683618231985e+01 5.704590103688491354e+01 5.182969629010926838e+01 3.331428011606892028e+02 3.279835028612949941e+02 3.012850914081793690e+02 2.271185975891163196e+02 1.815737285295929837e+02 1.397756530229565897e+02 1.267812836183509546e+02 1.002772514914960595e+02 7.895641405747406338e+01 6.118725742874334372e+01 5.606811325840406823e+01 3.332253506993741325e+02 3.281667116706270235e+02 3.019656240543190506e+02 2.291809627670644147e+02 1.844846706482803995e+02 1.434697978160715195e+02 1.307211771337393884e+02 1.047295789031664555e+02 8.383959192394254956e+01 6.644864354961285358e+01 6.144194665418532253e+01 3.333340381709616622e+02 3.284010220275345091e+02 3.028395254433979744e+02 2.318256072499235927e+02 1.882180122989799713e+02 1.482038823823360758e+02 1.357681802000531945e+02 1.104230518677625099e+02 9.007372869040477781e+01 7.316409048669981985e+01 6.829722427996188117e+01 3.334751242671309228e+02 3.287027950430156693e+02 3.039616445413599877e+02 2.352227027282132497e+02 1.930105127146714494e+02 1.542786012580232864e+02 1.422438268573743017e+02 1.177227603281450712e+02 9.804615762868719742e+01 8.169638607593007862e+01 7.700289736448898736e+01
3.755574525110862965e+02 3.696601626705144099e+02 3.391266081484207007e+02 2.542855221133021075e+02 2.021826035306454230e+02 1.543656848317402250e+02 1.394964230797837104e+02 1.091597693780386322e+02 8.473872502170112853e+01 6.436206657548521548e+01 5.848603347805221375e+01 3.756330112291911973e+02 3.698204127270792583e+02 3.397238619998502713e+02 2.560966985045782849e+02 2.047410428294787437e+02 1.576144468306092108e+02 1.429628236712190414e+02 1.130820261398173159e+02 8.905035483585737666e+01 6.902797864647480708e+01 6.326117176353977811e+01 3.757288030418234257e+02 3.700260695286727923e+02 3.404915088607876328e+02 2.584218362383820136e+02 2.080230807322538737e+02 1.617786402294002812e+02 1.474047685611635927e+02 1.181013497450894789e+02 9.455545359470490041e+01 7.495780432645695157e+01 6.931634021643021981e+01 3.758511564803034162e+02 3.702900407553647710e+02 3.414764127466174273e+02 2.614052202324537006e+02 2.122324023918999103e+02 1.671163482468546420e+02 1.530953333130311194e+02 1.245199974741635742e+02 1.015807427024419383e+02 8.252528449952410483e+01 7.704430112978370460e+01 3.760099307366496078e+02 3.706295392040061074e+02 3.427411032430509294e+02 2.652340497106158068e+02 2.176368078390694905e+02 1.739657263133527749e+02 1.603963840178868452e+02 1.327506734843934737e+02 1.105707292621313940e+02 9.214285000496990108e+01 8.685072915855839426e+01
4.234636377254759623e+02 4.168150096521742398e+02 3.823942722541824537e+02 2.867308865461797609e+02 2.279811052948993506e+02 1.740649604835453772e+02 1.573009808238853680e+02 1.231012041865000413e+02 9.557690290635767383e+01 7.261959103268070237e+01 6.600059857279076425e+01 4.235518994083494704e+02 4.169952401353922937e+02 3.830681169821128265e+02 2.887732433081369550e+02 2.308656891593161049e+02 1.777277218958518858e+02 1.612090095166550441e+02 1.275229754822322974e+02 1.004364527850923707e+02 7.787434085093089209e+01 7.137850168906909687e+01 4.236569286027300905e+02 4.172281285956548231e+02 3.839333936364590727e+02 2.913939509477372098e+02 2.345653103239405652e+02 1.824228711532703642e+02 1.662165618714493576e+02 1.331804370627126275e+02 1.066411075789906846e+02 8.455826836922476275e+01 7.820172273727908419e+01 4.237947078610764606e+02 4.175262219429652077e+02 3.850441041470108416e+02 2.947578696777396203e+02 2.393123177687294287e+02 1.884409114539722623e+02 1.726323396325301474e+02 1.404166282876505534e+02 1.145591580733167518e+02 9.308659604414781086e+01 8.691157680616326786e+01 4.239760192948806434e+02 4.179092028617167216e+02 3.864700786482266608e+02 2.990754142199252215e+02 2.454047064605772164e+02 1.961631455441644789e+02 1.808637463320596055e+02 1.496960045214538013e+02 1.246955573841343323e+02 1.039276543689253458e+02 9.796074485276038502e+01
4.774855116203635248e+02 4.699883328765987471e+02 4.311836004815751835e+02 3.233157650113690238e+02 2.570691593592997037e+02 1.962800333789112699e+02 1.773792205442044292e+02 1.388231096270706360e+02 1.078018128571110594e+02 8.193721955302710569e+01 7.448260476067083857e+01 4.775802232011999422e+02 4.701923690028327201e+02 4.319433927875036261e+02 3.256183790604274009e+02 2.603216675550339687e+02 2.004091022245222291e+02 1.817849564316925921e+02 1.438081880167031557e+02 1.132796008461459252e+02 8.785727813655778107e+01 8.053920720810049261e+01 4.776997690028218813e+02 4.704537027344206876e+02 4.329188984629074071e+02 3.285730876214256000e+02 2.644933969972350951e+02 2.057021063614859884e+02 1.874298621057775165e+02 1.501855273480576045e+02 1.202729009248595844e+02 9.539104801252844368e+01 8.822872589990539893e+01 4.778562354878242786e+02 4.707896500641548414e+02 4.341710080321093415e+02 3.323667815855453682e+02 2.698448172352104848e+02 2.124874022500445392e+02 1.946636248975484591e+02 1.583437044229780781e+02 1.291962919395758149e+02 1.049994231615915226e+02 9.804483872386360588e+01 4.780593285340945613e+02 4.712226014975021826e+02 4.357790892940912499e+02 3.372345574336769118e+02 2.767152029328410094e+02 2.211942047001578544e+02 2.039444939285019700e+02 1.688052878979979141e+02 1.406244445639392495e+02 1.172220995663745526e+02 1.104957378840618105e+02
5.383948206764653150e+02 5.299463559387065743e+02 4.861987430235157603e+02 3.645682493326654594e+02 2.898712659895318211e+02 2.213286311911396638e+02 2.000196324230182086e+02 1.565541563001617078e+02 1.215921413449400603e+02 9.245265522366860012e+01 8.405770744358690649e+01 5.385025356898241853e+02 5.301764949438060057e+02 4.870553695023571095e+02 3.671656015426884210e+02 2.935385589181477712e+02 2.259843793598696493e+02 2.049866584247366461e+02 1.621740983107835063e+02 1.277654605583761480e+02 9.912243869450080069e+01 9.087779338920556427e+01 5.386407385858917678e+02 5.304709850477706823e+02 4.881550782488523623e+02 3.704969426307202411e+02 2.982423929486625411e+02 2.319522347334860797e+02 2.113506980435477942e+02 1.693627829139112180e+02 1.356479458788803925e+02 1.076129353948608838e+02 9.954452539113906084e+01 5.388180001309283398e+02 5.308503175169189490e+02 4.895668080994404363e+02 3.747731465885395323e+02 3.042760155168129472e+02 2.396024332707677615e+02 2.195065419126858046e+02 1.785596620918730650e+02 1.457048274531179288e+02 1.184360208398343985e+02 1.106033126228682448e+02 5.390440113263385911e+02 5.313371562301250606e+02 4.913795068301623701e+02 3.802627924304252360e+02 3.120206162005857777e+02 2.494189203639759000e+02 2.299697862797925438e+02 1.903534322317453302e+02 1.585883232777354408e+02 1.322183712014622756e+02 1.246376499095265586e+02
6.070796176992278106e+02 5.975554163244266874e+02 5.482334031898961939e+02 4.110854855149489140e+02 3.268576874740465996e+02 2.495756645267167073e+02 2.255499704813454969e+02 1.765507662079010913e+02 1.371470034329329053e+02 1.043209549254245445e+02 9.486587009397405268e+01 6.072005393797650186e+02 5.978140769143032003e+02 5.491992843778594988e+02 4.140131306548526595e+02 3.309921756614660353e+02 2.548245312057783849e+02 2.311503457321997814e+02 1.828852589998867586e+02 1.441054984818814262e+02 1.118327533932585993e+02 1.025472987743757471e+02 6.073568308215972138e+02 5.981469354897323001e+02 5.504390674420121741e+02 4.177700164001846019e+02 3.362946077352335692e+02 2.615525363117641291e+02 2.383249574981606429e+02 1.909889062349441247e+02 1.529901811045458260e+02 1.214032022432207185e+02 1.123136669098991831e+02 6.075555267652928251e+02 5.985739765392786467e+02 5.520312906021021035e+02 4.225911896016910418e+02 3.430989703455919084e+02 2.701779526883494782e+02 2.475198406853383517e+02 2.013570444932304042e+02 1.643234037872746569e+02 1.335933955894374492e+02 1.247706800120457586e+02 6.078143903349630364e+02 5.991223621631513652e+02 5.540754048764881645e+02 4.287803103529013242e+02 3.518304174549882646e+02 2.812449900207277551e+02 2.593162240042332201e+02 2.146521636513041926e+02 1.788478433957697291e+02 1.491337367650521628e+02 1.405917916585902958e+02
6.845292038952636631e+02 6.737898685680808057e+02 6.181840940383508496e+02 4.635374052399081393e+02 3.685632142681461119e+02 2.814265932862498971e+02 2.543400501984292532e+02 1.991023499809357986e+02 1.546961776966477373e+02 1.177147853045520662e+02 1.070665247378240821e+02 6.846656476594536116e+02 6.740820480409250877e+02 6.192728615898480484e+02 4.668383439524894243e+02 3.732245660053836787e+02 2.873442498132511105e+02 2.606529567385697987e+02 2.062432311531584048e+02 1.625359556210750327e+02 1.261769415985830562e+02 1.157167839831937641e+02 6.848416074055653553e+02 6.744571502847110196e+02 6.206708477042753884e+02 4.710738513832814647e+02 3.792030731068225577e+02 2.949288073599099107e+02 2.687410918084549962e+02 2.153761631583078042e+02 1.725476924474214400e+02 1.369637236063959165e+02 1.267245067187735259e+02 6.850644901867159433e+02 6.749384148563843837e+02 6.224656597951794765e+02 4.765102331922769281e+02 3.868741840931292018e+02 3.046543443334117569e+02 2.791085181847453782e+02 2.270654975462321090e+02 1.853226144860412887e+02 1.506919668027433374e+02 1.407531084565995343e+02 6.853543916856295937e+02 6.755569286185901774e+02 6.247706284618939208e+02 4.834880921877340256e+02 3.967200020189145562e+02 3.171318159278584972e+02 2.924072881498674406e+02 2.420538984571491028e+02 2.016944547229578291e+02 1.682150549642372539e+02 1.585909836899770085e+02
7.718627112667890060e+02 7.597526754238508602e+02 6.970593727879876269e+02 5.226802164999761544e+02 4.155910835482497419e+02 3.173430232814941974e+02 2.868041868629781561e+02 2.245358482862448000e+02 1.744910605514241695e+02 1.328329343218671568e+02 1.208413952942301108e+02 7.720140684135807305e+02 7.600821510085212367e+02 6.982871289904903733e+02 5.264023238364205781e+02 4.208466770886939798e+02 3.240155616214452721e+02 2.939225996748572811e+02 2.325847980344792632e+02 1.833269230776573124e+02 1.423650598137533905e+02 1.305836861960041801e+02 7.722105058581788626e+02 7.605045192814681059e+02 6.998633452385922737e+02 5.311779972154828329e+02 4.275866020433358017e+02 3.325650301997274028e+02 3.030390526902071429e+02 2.428768996437943883e+02 1.946070176771956142e+02 1.545187958273775735e+02 1.429880117633925352e+02 7.724638532647652482e+02 7.610479684866101024e+02 7.018871683368925005e+02 5.373083345970906066e+02 4.362362942851523258e+02 3.435309563565315898e+02 3.147288849662010080e+02 2.560570022348462089e+02 2.090064587351087084e+02 1.699803196598912791e+02 1.587835266435709798e+02 7.727877194706946966e+02 7.617449180669738098e+02 7.044856875258350328e+02 5.451761720473142532e+02 4.473360842482659905e+02 3.575971844932495856e+02 3.297213059877217916e+02 2.729522990732158974e+02 2.274613055042705128e+02 1.897389178053921910e+02 1.788953422573492844e+02
8.703300078309018772e+02 8.566842047770521731e+02 7.859980794682985561e+02 5.893703080281172788e+02 4.686193233106301932e+02 3.578439189558005182e+02 3.234137004609577275e+02 2.532209386381861691e+02 1.968223639809565952e+02 1.498958123562469211e+02 1.363921319473041933e+02 8.705060941386176410e+02 8.570546244167162513e+02 7.873825607789949572e+02 5.935670295697287884e+02 4.745446124359924056e+02 3.653656824349897647e+02 3.314376205612614967e+02 2.622911955270098474e+02 2.067772296916763821e+02 1.606341237665117774e+02 1.473623788832097432e+02 8.707269830811238762e+02 8.575310207383195120e+02 7.891596410751459416e+02 5.989513443638271610e+02 4.821436290655553876e+02 3.750041082390240490e+02 3.417151537493755882e+02 2.738914316407083902e+02 2.194859666243212075e+02 1.743245799410155144e+02 1.613380816427780644e+02 8.710141580687038640e+02 8.581430937000931181e+02 7.914416983533438952e+02 6.058630217459946152e+02 4.918957358550591721e+02 3.873677340132315408e+02 3.548947428467792520e+02 2.887510388799007046e+02 2.357184695825642393e+02 1.917403962976743799e+02 1.791241044449582773e+02 8.713794112939972365e+02 8.589287070331840823e+02 7.943712503506019402e+02 6.147345067401709002e+02 5.044099464405844060e+02 4.032258137200175838e+02 3.717954624886968986e+02 3.077940769452703762e+02 2.565183506459497380e+02 2.140158040473796461e+02 2.018013736512470189e+02
9.813667932380672028e+02 9.659805438453482793e+02 8.862847849354438949e+02 6.645691355815729366e+02 5.284124179122644591e+02 4.035144879462902736e+02 3.646976568908809213e+02 2.855703663838434636e+02 2.220135171898948272e+02 1.691555903280303426e+02 1.539494560749073173e+02 9.815627311279944252e+02 9.663981854278671335e+02 8.878454729524495406e+02 6.692997608876410141e+02 5.350923886286465176e+02 4.119934367498443635e+02 3.737420518382203909e+02 2.957936998337015098e+02 2.332305322690162654e+02 1.812513409444909769e+02 1.663028627655108380e+02 9.818142194143457573e+02 9.669351131713600580e+02 8.898493552899068391e+02 6.753719460849797542e+02 5.436608984318065723e+02 4.228597187719794874e+02 3.853277697309383143e+02 3.088681330723845804e+02 2.475472351511438376e+02 1.966711432480929318e+02 1.820477772566934220e+02 9.821333031659394237e+02 9.676251792758283727e+02 8.924222129007632702e+02 6.831649087216462704e+02 5.546560358445598240e+02 4.367990684840441418e+02 4.001869467300427914e+02 3.256181204794547170e+02 2.658462454441005320e+02 2.162893327055521127e+02 2.020732751986655842e+02 9.825495838163801636e+02 9.685116055063282374e+02 8.957257789170014348e+02 6.931659965289571801e+02 5.687643089565757464e+02 4.546759329028038792e+02 4.192391179484349664e+02 3.470832010642656087e+02 2.892874599023976430e+02 2.414009673977807040e+02 2.276427960931447956e+02
1.106565498114930961e+03 1.089220241164447543e+03 9.993645076825922615e+02 7.493622789409421330e+02 5.958359999189655127e+02 4.550137152692183804e+02 4.112511702466858310e+02 3.220554296611806535e+02 2.504338574971024514e+02 1.908952267402360974e+02 1.737742529039426245e+02 1.106788182671989262e+03 1.089692433475408507e+03 1.001124390213985293e+03 7.546962652587660614e+02 6.033670887844322124e+02 4.645719192741480583e+02 4.214462078835564398e+02 3.335757106090766229e+02 2.630690773291149753e+02 2.045180217139336776e+02 1.876848310894920075e+02 1.107069452441593512e+03 1.090297663489699744e+03 1.003383750866517289e+03 7.615409109264812741e+02 6.130272224695478371e+02 4.768230818602194745e+02 4.345081603661199097e+02 3.483109730516441687e+02 2.791994082922599318e+02 2.218805570576587627e+02 2.054148234348829760e+02 1.107432034713267740e+03 1.091075502859025619e+03 1.006284784973568890e+03 7.703278332961401702e+02 6.254238441554381325e+02 4.925377279831694182e+02 4.512589804016266157e+02 3.671943949484902419e+02 2.998244371117377796e+02 2.439836657395872237e+02 2.279651878647933358e+02 1.107896986396377997e+03 1.092074004448375945e+03 1.010009024387952195e+03 7.816041625099456951e+02 6.413301941202901162e+02 5.126914285752284286e+02 4.727356105434749338e+02 3.913866042186654113e+02 3.262402433032329441e+02 2.722886679845787512e+02 2.567930970887939566e+02
1.247739911524683521e+03 1.228180985702683301e+03 1.126869773715860447e+03 8.449724144547037668e+02 6.718627564073400436e+02 5.130860622633135790e+02 4.637479521782607890e+02 3.632034144771294564e+02 2.824932159392400308e+02 2.154353765531603528e+02 1.961560804327691585e+02 1.247988412012134177e+03 1.228712456496639106e+03 1.128853499146229069e+03 8.509864773889162279e+02 6.803528160839452994e+02 5.238603324025733627e+02 4.752401841158793445e+02 3.761837049703229923e+02 2.967283862102357261e+02 2.307763702135283950e+02 2.118216800729956049e+02 1.248307337492798752e+03 1.229394905097730771e+03 1.131400445541837598e+03 8.587036454828331671e+02 6.912431502760791773e+02 5.376723905365681730e+02 4.899650573239757705e+02 3.927942028494090323e+02 3.148999558938638188e+02 2.503234679754095851e+02 2.317821256129342373e+02 1.248713675999374573e+03 1.230272305783220418e+03 1.134671502222083291e+03 8.686097900623497026e+02 7.052205784299861762e+02 5.553885201119721842e+02 5.088491239099755603e+02 4.140785442237819325e+02 3.381476110246024405e+02 2.752260274239976638e+02 2.571792804574590718e+02 1.249241095255945993e+03 1.231398587410159735e+03 1.138871661233045643e+03 8.813243289370963112e+02 7.231539317961420466e+02 5.781086830588320709e+02 5.330594484227176508e+02 4.413445460024008753e+02 3.679118648425513811e+02 3.071269163156704849e+02 2.896747107889941049e+02
1.406917495205681689e+03 1.384864943928101184e+03 1.270638549567219115e+03 9.527797022526531237e+02 7.575885972083931392e+02 5.785710107733132190e+02 5.229477079242894888e+02 4.096077938184507730e+02 3.186618598989545035e+02 2.431370048888561257e+02 2.214295061922786658e+02 1.407197343245916272e+03 1.385464130231126319e+03 1.272875995900720909e+03 9.595598655284292136e+02 7.671603813886518992e+02 5.907154447442590026e+02 5.358999089900254376e+02 4.242360555661365424e+02 3.346972737455419065e+02 2.604097671410144130e+02 2.390659691111470408e+02 1.407552115584255034e+03 1.386234010809756001e+03 1.275748134368558567e+03 9.682607325237026998e+02 7.794397888240659995e+02 6.062863350096728254e+02 5.524994520475729587e+02 4.429580777993466540e+02 3.551690248550761453e+02 2.824143112507582032e+02 2.615333867132757177e+02 1.408014519228683866e+03 1.387222458819500844e+03 1.279435148666286068e+03 9.794296976128617871e+02 7.951975329325940720e+02 6.262595870265022313e+02 5.737878168785239268e+02 4.669493993239738074e+02 3.813694918491677868e+02 3.104729211072923363e+02 2.901366472812455868e+02 1.408605899541197232e+03 1.388491885551403584e+03 1.284170804034052935e+03 9.937662949558806531e+02 8.154169144536767817e+02 6.518736531399183605e+02 6.010812084405632731e+02 4.976805524854322016e+02 4.149039654138430819e+02 3.464178585006924322e+02 3.267648386481830016e+02
1.586383560436277776e+03 1.561523644359032232e+03 1.432740212664655473e+03 1.074338572664820276e+03 8.542533767162567528e+02 6.524136288138170130e+02 5.897035783059078540e+02 4.619432406994200733e+02 3.594635278115034112e+02 2.744048330100617932e+02 2.499645079765174103e+02 1.586697062015406345e+03 1.562199257727993881e+03 1.435262887168241150e+03 1.081982951486950014e+03 8.650436101648421072e+02 6.661027368302890181e+02 6.043023314868966054e+02 4.784263797366756421e+02 3.775241479367106194e+02 2.938531192533137073e+02 2.698233827921401371e+02 1.587099645746135820e+03 1.563067327992977880e+03 1.438501357283855896e+03 1.091793761620205942e+03 8.788871555561805735e+02 6.836556824787417099e+02 6.230159041796495103e+02 4.995285135189620291e+02 4.005899378246747347e+02 3.186223640226710927e+02 2.951060540848829419e+02 1.587621124989507734e+03 1.564181780560184507e+03 1.442658491933404321e+03 1.104385581663416133e+03 8.966521861466951577e+02 7.061724541316688146e+02 6.470130697321998241e+02 5.265697797522889232e+02 4.301173235276131663e+02 3.502361788131037201e+02 3.273221715631523239e+02 1.588286854010450270e+03 1.565612730438738936e+03 1.447997997988905809e+03 1.120549778914365334e+03 9.194485102674451582e+02 7.350497230932398907e+02 6.777824655842564425e+02 5.612071501763504102e+02 4.678954364387291207e+02 3.907329798543161701e+02 3.685989051420342548e+02
1.788700905202214472e+03 1.760681549581114496e+03 1.615499626305942002e+03 1.211401692634632809e+03 9.632485069777992521e+02 7.356795786217489876e+02 6.649815223968108739e+02 5.209659339903545288e+02 4.054898151515315021e+02 3.097004952636945063e+02 2.821858602112846484e+02 1.789054702026550558e+03 1.761442815087047393e+03 1.618343462432766728e+03 1.220019432716325582e+03 9.754127478301930978e+02 7.511103141756425430e+02 6.814363420810615253e+02 5.395395499590621284e+02 4.258305507611459575e+02 3.315946733698599473e+02 3.045401290476046938e+02 1.789507009706102963e+03 1.762420652159769134e+03 1.621994035373640145e+03 1.231080724303724310e+03 9.910210366173519105e+02 7.708989519858405401e+02 7.025313442393612604e+02 5.633238220385512705e+02 4.518209188259482403e+02 3.594744901363695817e+02 3.329876328068449425e+02 1.790092312229242907e+03 1.763676341172586035e+03 1.626682181882857321e+03 1.245277892754369077e+03 1.011049633593135013e+03 7.962808853327771885e+02 7.295821273680253398e+02 5.938007514026485296e+02 4.850927059761041846e+02 3.950941586520892770e+02 3.692756114229371747e+02 1.790844336392636706e+03 1.765290330072968118e+03 1.632700621324658869e+03 1.263500666567381813e+03 1.036750983974653082e+03 8.288377199376045610e+02 7.642700983007644027e+02 6.328425641967733100e+02 5.276564781102243842e+02 4.407063748237273444e+02 4.157818583957579790e+02
2.016719736411477243e+03 1.985151991184305416e+03 1.821516305005466165e+03 1.365932918118254065e+03 1.086146225115989409e+03 8.295718013158357280e+02 7.498677305446256014e+02 5.875325817402081157e+02 4.574133937892623294e+02 3.495405064268604747e+02 3.185682224190228453e+02 2.017117778455243069e+03 1.986009661470952096e+03 1.824721296166596630e+03 1.375648746183159801e+03 1.099859815582059809e+03 8.469661239643073714e+02 7.684143779454529977e+02 6.084581847751915120e+02 4.803163754187193035e+02 3.741782913503308805e+02 3.437206876822385766e+02 2.017629965182990190e+03 1.987111644060235676e+03 1.828837522142928719e+03 1.388119336403065518e+03 1.117457540206596832e+03 8.692742805348573256e+02 7.921940314112702026e+02 6.352641419539065737e+02 5.096003031475406146e+02 4.055658641848114598e+02 3.757322412130259863e+02 2.018286554749601237e+03 1.988526940165002316e+03 1.834121441741879153e+03 1.404125647070924515e+03 1.140035966651651506e+03 8.978856954794659941e+02 8.226850403779627641e+02 6.696105625273088435e+02 5.470935081011192551e+02 4.457002971691848074e+02 4.166102976902328123e+02 2.019133258731115802e+03 1.990344339044105482e+03 1.840906509630508936e+03 1.424671762375772687e+03 1.169014720269711916e+03 9.345921542783293035e+02 8.617939515537342459e+02 7.136193006028604486e+02 5.950472968325277634e+02 4.970607039387488157e+02 4.689911015994219383e+02
2.273576605461737472e+03 2.238037670080957469e+03 2.053675949462963217e+03 1.540138391842598594e+03 1.224714526110707993e+03 9.354465180954374546e+02 8.455912113549420610e+02 6.626035349227006463e+02 5.159870576843424033e+02 3.945098976796591614e+02 3.596447178191093599e+02 2.274026068760733324e+03 2.239003497375753341e+03 2.057289128530829203e+03 1.551091443719456265e+03 1.240174250899810204e+03 9.550528973078352237e+02 8.664948831508191915e+02 6.861807524506477876e+02 5.417756248167453350e+02 4.222278680028377380e+02 3.879349986691309482e+02 2.274597581753886516e+03 2.240243876413242106e+03 2.061927068716724534e+03 1.565150929104900115e+03 1.260012205359731752e+03 9.801997732994335593e+02 8.932986316238642530e+02 7.163900263507205182e+02 5.747658323512586094e+02 4.575636191067283676e+02 4.239598267956519635e+02 2.275340141761168525e+03 2.241837429757969858e+03 2.067882845415617794e+03 1.583194268564305958e+03 1.285465990737038965e+03 1.012452465402511280e+03 9.276676134370951559e+02 7.550962793884617668e+02 6.170090558168863026e+02 5.027858664849782144e+02 4.700129781230641584e+02 2.276291523320307533e+03 2.243884350967333830e+03 2.075529206497158157e+03 1.606358866196502277e+03 1.318139104356512007e+03 1.053836659644993006e+03 9.717592302679623799e+02 8.047055563840575587e+02 6.710436499612604848e+02 5.606034981382159685e+02 5.289896967584676304e+02
2.562659254442798101e+03 2.522702789659394966e+03 2.315144657661432120e+03 1.736476459406195318e+03 1.380936354093615819e+03 1.054832067348120290e+03 9.535324790925656089e+02 7.472663017728494879e+02 5.820596836038529318e+02 4.452639450993309538e+02 4.060190693968893356e+02 2.563161758790387921e+03 2.523788994165787244e+03 2.319213855254824921e+03 1.748823305202382244e+03 1.398363895613473460e+03 1.076931024593505526e+03 9.770912434383734535e+02 7.738308113159578170e+02 6.111009876424618597e+02 4.764424396967323219e+02 4.378346456463856953e+02 2.563809400371530501e+03 2.525184281340352300e+03 2.324439328527367707e+03 1.764671433618393166e+03 1.420727129065832514e+03 1.105277155131291011e+03 1.007302847254369453e+03 8.078716974474280050e+02 6.482622869625004114e+02 5.162263081584649171e+02 4.783768938673581488e+02 2.564641987803620850e+03 2.526976984512447871e+03 2.331147804252088463e+03 1.785010866664158357e+03 1.449421029948733349e+03 1.141632083169027283e+03 1.046041774669811048e+03 8.514855757656296191e+02 6.958420051154233761e+02 5.671643898408943869e+02 5.302554357573952757e+02 2.565708367289506441e+03 2.529278259616187370e+03 2.339761459189616289e+03 1.811124435020695728e+03 1.486256889263156381e+03 1.188291289780423767e+03 1.095752106799359581e+03 9.074131772390874175e+02 7.567394099104643601e+02 6.322539393358993038e+02 5.966390168654131685e+02
2.887530310178767195e+03 2.842705582131020492e+03 2.609326393116414692e+03 1.957660971235239685e+03 1.557030056464026302e+03 1.189446041672913907e+03 1.075249363011527521e+03 8.427448130209496640e+02 6.565901064078153695e+02 5.025442125596350706e+02 4.583706468208036995e+02 2.888094145176454731e+03 2.843924947676255215e+03 2.613907153803089386e+03 1.971575324945753891e+03 1.576674490857860519e+03 1.214355090830774770e+03 1.101801979827499963e+03 8.726757834596442081e+02 6.892914880909363546e+02 5.376130535948186662e+02 4.941415998603814614e+02 2.888820173987086491e+03 2.845491499080644189e+03 2.619788659604346321e+03 1.989435238648335826e+03 1.601881742575140152e+03 1.246305745059766878e+03 1.135853050069070832e+03 9.110307760635428167e+02 7.311460620375098642e+02 5.824030327660059356e+02 5.397714630552791277e+02 2.889753003987618740e+03 2.847502600174311283e+03 2.627339216937242327e+03 2.012359484912396510e+03 1.634227785562263307e+03 1.287286273960639392e+03 1.179517519410809655e+03 9.601760630605656388e+02 7.847355748715297068e+02 6.397597783079303326e+02 5.981912155248676299e+02 2.890947593059761857e+03 2.850086918164123745e+03 2.637034077941128999e+03 2.041791847697195635e+03 1.675754242611640393e+03 1.339890540590537739e+03 1.235561034146537850e+03 1.023225636696468086e+03 8.533733869948878237e+02 7.130512835045259408e+02 6.729115661322355209e+02
3.251804118646158258e+03 3.201680012439814163e+03 2.939786261416838443e+03 2.206649616179806344e+03 1.755464678043991853e+03 1.341224931175674101e+03 1.212496726019369589e+03 9.504179090813204311e+02 7.406588908527396597e+02 5.671839304435784470e+02 5.174652065904315350e+02 3.252434373486912591e+03 3.203045176364885720e+03 2.944936048724315242e+03 2.222325957436943554e+03 1.777604708203793507e+03 1.369300384858989901e+03 1.242423286080422258e+03 9.841416707019482146e+02 7.774812110617149301e+02 6.066324173612582626e+02 5.576786629696889577e+02 3.253243652462455429e+03 3.204799091512950781e+03 2.951547166190988264e+03 2.242447544664106772e+03 1.806014383756836423e+03 1.405311281968950880e+03 1.280799552471790093e+03 1.027357111190721980e+03 8.246174759456490619e+02 6.570477169948942446e+02 6.090313969686824294e+02 3.254286634755976593e+03 3.207050176883810764e+03 2.960034728622336388e+03 2.268274834133271725e+03 1.842472957042635926e+03 1.451508423211303352e+03 1.330020170182924403e+03 1.082741895837248421e+03 8.849718554575146072e+02 7.216148547412911967e+02 6.748036597732194650e+02 3.255625017357987417e+03 3.209942022830223323e+03 2.970931104158099970e+03 2.301434720718320023e+03 1.889278484832851973e+03 1.510809124749429657e+03 1.393198219843578954e+03 1.153811120951060502e+03 9.623372206156723223e+02 8.041577024740782917e+02 7.589103601904805600e+02
3.658954622997107890e+03 3.603162117524473160e+03 3.310123775686817226e+03 2.486609806045692494e+03 1.978959204995673645e+03 1.512339110584218133e+03 1.367249595736622496e+03 1.071840683123704821e+03 8.354815942500794108e+02 6.401201864092366804e+02 5.841512491627721602e+02 3.659652417320535278e+03 3.604683459296745696e+03 3.315901617950903074e+03 2.504264672505479211e+03 2.003907427908069849e+03 1.543981258417435356e+03 1.400974758410438881e+03 1.109835704396368328e+03 8.769421278527645427e+02 6.844958369747345159e+02 6.293699293376741934e+02 3.660556451829587786e+03 3.606638675251913810e+03 3.323318429035031841e+03 2.526922497787515567e+03 2.035918318013061935e+03 1.584566736146398625e+03 1.444225189767485745e+03 1.158526171980629670e+03 9.300229831536028087e+02 7.412387408469307957e+02 6.871558512023891581e+02 3.661714325421208741e+03 3.609148637173400857e+03 3.332838489203319114e+03 2.556005526960827865e+03 2.077002631932771692e+03 1.636640078920860788e+03 1.499707073012891897e+03 1.220945156272256099e+03 9.980057250302011198e+02 8.139041142647010929e+02 7.611809568780158770e+02 3.663203595977125588e+03 3.612370826687533736e+03 3.345060074116761371e+03 2.593342025604679293e+03 2.129744792541283914e+03 1.703486362409581261e+03 1.570925569757587482e+03 1.301054061897198380e+03 1.085199774055132139e+03 9.068870303096584848e+02 8.558759031632795313e+02
4.112100068084581835e+03 4.050371680652924624e+03 3.723793622210271224e+03 2.800858110953903179e+03 2.230478913574069338e+03 1.705219109724110012e+03 1.541724760141888964e+03 1.208769988003780554e+03 9.424290497650938505e+02 7.224162428168098131e+02 6.594087571434861275e+02 4.112868548953850222e+03 4.052059778101503525e+03 3.730258477740903800e+03 2.820721967311904791e+03 2.258579396095918128e+03 1.740874523744695807e+03 1.579727274032883543e+03 1.251570941375167422e+03 9.891073238690769358e+02 7.723227420813580011e+02 7.102443446538198941e+02 4.113868305067465371e+03 4.054226109821983755e+03 3.738556438834468281e+03 2.846214290345972131e+03 2.294636601833762143e+03 1.786611204515592817e+03 1.628466914222223750e+03 1.306428605532706342e+03 1.048881796535832109e+03 8.361874102011144032e+02 7.752735697750730424e+02 4.115150240282478080e+03 4.057008652616507788e+03 3.749206599639478554e+03 2.878934991453189468e+03 2.340915045212488621e+03 1.845302681337268723e+03 1.691004911025847605e+03 1.376776427522534732e+03 1.125464834986317101e+03 9.179618016784551173e+02 8.585637358830592802e+02 4.116793956957156297e+03 4.060580987954392185e+03 3.762873119892805789e+03 2.920935279436161636e+03 2.400321175810963723e+03 1.920643886328255121e+03 1.771280762061667701e+03 1.467072646631123007e+03 1.223733728935594627e+03 1.022717497712459704e+03 9.652025361912014887e+02
4.613762499661370384e+03 4.545983047755739790e+03 4.183903368824874633e+03 3.152751696568840998e+03 2.513204189803103873e+03 1.922565873936516255e+03 1.738404720864696174e+03 1.363176199262794171e+03 1.063050664367661284e+03 8.152557249849847949e+02 7.443220590263995291e+02 4.614613295708381884e+03 4.547840587013009099e+03 4.191110064868321388e+03 3.175073828003878589e+03 2.544836493955818241e+03 1.962734874371572687e+03 1.781221407021808091e+03 1.411384404880971715e+03 1.115591027359400186e+03 8.713848678549639999e+02 8.014760119132149612e+02 4.615702330581581919e+03 4.550226695101865516e+03 4.200358911858413194e+03 3.203720089209640719e+03 2.585426007488646974e+03 2.014268278523830304e+03 1.836143326284307705e+03 1.473189371850497082e+03 1.182901912339192450e+03 9.432556753016101538e+02 8.746447326176963770e+02 4.617106950735683313e+03 4.553289930667374392e+03 4.212227101106542250e+03 3.240486943267067545e+03 2.637522471764063539e+03 2.080405488130329104e+03 1.906624946898011331e+03 1.552476467942618456e+03 1.269181172591298719e+03 1.035287839187144073e+03 9.683549990583913996e+02 4.618911022685396347e+03 4.557221898769707877e+03 4.227452849467669694e+03 3.287671284467208352e+03 2.704388922417382673e+03 2.165301096251256240e+03 1.997098910865272046e+03 1.654253298084978496e+03 1.379930866083819865e+03 1.153313244749088881e+03 1.088463433756893892e+03
5.165673464680060533e+03 5.091904513689830310e+03 4.692993792455437870e+03 3.545569953189341504e+03 2.830477494543727062e+03 2.167363860050254516e+03 1.960057442733117796e+03 1.537278433592959118e+03 1.199080753915737432e+03 9.199821558057841457e+02 8.401178010042735878e+02 5.166594432789804159e+03 5.093934003667195611e+03 4.700991022677560068e+03 3.570613192116743448e+03 2.866055401214520771e+03 2.212606186039566182e+03 2.008290463128631473e+03 1.591575719516795516e+03 1.258216872789868603e+03 9.831018979113524665e+02 9.043663879980148295e+02 5.167783151307481603e+03 5.096538613115728367e+03 4.711251663588303018e+03 3.602749456601311522e+03 2.911707614844774525e+03 2.270650100413738528e+03 2.070166283556153303e+03 1.661203059908284558e+03 1.334005306010329377e+03 1.063964121382764006e+03 9.866781551109792190e+02 5.169308699891722426e+03 5.099882332957005929e+03 4.724413621392095592e+03 3.643988160101962876e+03 2.970297943639249752e+03 2.345153403601191712e+03 2.149586148914363548e+03 1.750562862745415714e+03 1.431222275571529735e+03 1.167567829140358754e+03 1.092128016870557531e+03 5.171269127483630655e+03 5.104173991244837453e+03 4.741294949046116017e+03 3.696898004223115549e+03 3.045483079730319332e+03 2.440777505287192525e+03 2.251528392974991675e+03 1.865274997020438377e+03 1.556037728071544961e+03 1.300556902071824879e+03 1.227427910175111720e+03
5.768622536464249606e+03 5.689128055581870285e+03 5.252855377472947112e+03 3.982366724681669893e+03 3.185732173335356947e+03 2.442877177715164180e+03 2.209748468422657425e+03 1.733567423453785068e+03 1.352473495547414359e+03 1.038098341137243324e+03 9.481718443519714583e+02 5.769614106655409159e+03 5.691323766845664068e+03 5.261680595864861971e+03 4.010403523197181130e+03 3.225699046932573765e+03 2.493806645532529728e+03 2.264064100437457000e+03 1.794720845125683127e+03 1.419034911920125523e+03 1.109070839762013520e+03 1.020389411225011031e+03 5.770890878972462815e+03 5.694142237171160559e+03 5.273000133367762828e+03 4.046373013434991208e+03 3.276977945643636758e+03 2.559154654926044259e+03 2.333755059065532805e+03 1.873160489507464490e+03 1.504368594533301575e+03 1.200038159071456903e+03 1.112962242134193048e+03 5.772530492652708745e+03 5.697757198008646810e+03 5.287517223924593054e+03 4.092521093574579481e+03 3.342782731812073507e+03 2.643033233750706131e+03 2.423216148624173911e+03 1.973863212841852828e+03 1.613909629237490435e+03 1.316698772776973101e+03 1.231655769013662393e+03 5.774638164440584660e+03 5.702397756819886126e+03 5.306124796136865370e+03 4.151704409160313844e+03 3.427200474112536995e+03 2.750675280049114463e+03 2.538033627874230660e+03 2.103142824393235969e+03 1.754587312514176574e+03 1.466562108016648381e+03 1.384095665979775276e+03
6.422418141160777850e+03 6.337666376848027539e+03 5.864400988836801844e+03 4.465820219592823378e+03 3.582386352662656918e+03 2.752619664011031091e+03 2.490834429255182840e+03 1.954837640450439721e+03 1.525431712830858487e+03 1.171292820353037996e+03 1.070022801616217976e+03 6.423474503985742558e+03 6.340017688799972348e+03 5.874079919160238205e+03 4.497122359568179490e+03 3.627208448601713826e+03 2.809913456803463305e+03 2.551976947938127978e+03 2.023705109377938243e+03 1.600347297988873834e+03 1.251092279915026211e+03 1.151197301124272144e+03 6.424832170071573273e+03 6.343035670096979629e+03 5.886491983070519382e+03 4.537272355069649166e+03 3.684712164479582952e+03 2.883428885695210738e+03 2.630434058175040718e+03 2.112067845922610559e+03 1.696442767743042396e+03 1.353436542941904236e+03 1.255319717307275141e+03 6.426579635492043963e+03 6.346907257650968859e+03 5.902400190753684910e+03 4.588761724309971214e+03 3.758480746268229723e+03 2.977781008699827908e+03 2.731142781563483368e+03 2.225530819233706097e+03 1.819864402433316400e+03 1.484817961537204155e+03 1.388943297722990565e+03 6.428818952582253587e+03 6.351873218315944541e+03 5.922778942699301297e+03 4.654761006384594111e+03 3.853077927971787176e+03 3.098836289052838765e+03 2.860382356986927334e+03 2.371206876870790438e+03 1.978422423673873936e+03 1.653719894979132278e+03 1.560718204971967907e+03
7.125970236335485424e+03 7.036598979990475527e+03 6.527632546089975222e+03 4.998105154775646042e+03 4.023729238614138922e+03 3.100319433209374438e+03 2.806957846491015971e+03 2.204199551140050971e+03 1.720429518646480801e+03 1.321469605714180034e+03 1.207413598666739745e+03 7.127074555165144375e+03 7.039090397968006073e+03 6.538178210639928693e+03 5.032939806733029400e+03 4.073890367930577213e+03 3.164705342460412339e+03 2.875735633609324395e+03 2.281740588390382072e+03 1.804748431494153692e+03 1.411192740112509910e+03 1.298652687704724258e+03 7.128504168548933194e+03 7.042287969173376950e+03 6.551693827835264528e+03 5.077604672724821285e+03 4.138228035471604016e+03 3.247318210810677556e+03 2.963995856718318009e+03 2.381268549970920958e+03 1.912977001634735643e+03 1.526351701508109954e+03 1.415768329278800138e+03 7.130343242488595934e+03 7.046390030377471703e+03 6.569008029549509956e+03 5.134855447251422447e+03 4.220730049670907647e+03 3.353320870330565413e+03 3.077271885617313728e+03 2.509075293657242128e+03 2.052031833660806114e+03 1.674335618298375948e+03 1.566242718224885039e+03 7.132703342959493057e+03 7.051648164738743617e+03 6.591170457630491910e+03 5.208186225378059135e+03 4.326463577270280439e+03 3.489276075085403590e+03 3.222602623095801846e+03 2.673176134461585207e+03 2.230739527155559244e+03 1.864719018522911256e+03 1.759836535584330250e+03
7.877411234427141608e+03 7.784216087012026037e+03 7.241696296487744803e+03 5.580794541242868036e+03 4.512800688471626927e+03 3.489839812872348830e+03 3.161993839812423630e+03 2.485104019790385792e+03 1.940251971158596689e+03 1.490765485074313119e+03 1.362293420755220041e+03 7.878565851971517077e+03 7.786828869664491322e+03 7.253105327370634768e+03 5.619414438615708605e+03 4.568785872164387001e+03 3.562091552822186713e+03 3.239281914875630264e+03 2.572386965088327997e+03 2.035149798106456274e+03 1.591647464252451755e+03 1.464839544311857253e+03 7.880054537292448913e+03 7.790181198347268946e+03 7.267720931094887419e+03 5.668911394575040504e+03 4.640568631109300441e+03 3.654785278881354770e+03 3.338462474156740882e+03 2.684453174790538014e+03 2.157050505412181792e+03 1.721265929683359900e+03 1.596610902338225287e+03 7.881969104355346644e+03 7.794480252771983942e+03 7.286430461383639340e+03 5.732311813942648769e+03 4.732565393580754062e+03 3.773675655004200962e+03 3.465715959601684062e+03 2.828358910488203492e+03 2.313713654523817240e+03 1.887967258255098841e+03 1.766094495095201182e+03 7.884425461113589336e+03 7.799990237491420885e+03 7.310357033068915371e+03 5.813446836008096398e+03 4.850374007587229244e+03 3.926076064755918651e+03 3.628910694508616416e+03 3.013114606986167928e+03 2.515104535168425173e+03 2.102579097306252152e+03 1.984311852732849502e+03
8.674392737882093570e+03 8.578239807252170067e+03 8.005026600708378282e+03 6.214813190235240654e+03 5.052265830584957257e+03 3.925085217420232311e+03 3.559991151502299090e+03 2.801336456264699336e+03 2.188007212457953756e+03 1.681584677634334639e+03 1.536851677608484124e+03 8.675586418892778966e+03 8.580952579738124768e+03 8.017284071967626915e+03 6.257451657592560878e+03 5.114550588681227055e+03 4.006007378473005701e+03 3.646719446284694186e+03 2.899537737035278951e+03 2.294818697003373927e+03 1.795033203751175279e+03 1.652126691053449122e+03 8.677118415236700457e+03 8.584431058370402752e+03 8.032977243779357195e+03 6.312068402987675654e+03 5.194373349735531519e+03 4.109796573608150538e+03 3.757997828279206715e+03 3.025651489100196159e+03 2.432108799437292419e+03 1.940960782801264486e+03 1.800433308783308121e+03 8.679089079035453324e+03 8.588889754830081074e+03 8.053050623283823370e+03 6.381968350885285872e+03 5.296596664940823757e+03 4.242844550877400252e+03 3.900709905474800507e+03 3.187578073678226701e+03 2.608590169551604959e+03 2.128768496113619221e+03 1.991360278963808923e+03 8.681614443145197583e+03 8.594602646298675609e+03 8.078693984984563940e+03 6.471321537807469213e+03 5.427364882866138942e+03 4.413254386694718960e+03 4.083604913823240622e+03 3.395408278958113442e+03 2.835485202868964734e+03 2.370693142030277613e+03 2.237358310777495262e+03
9.514291542232369466e+03 9.416079488943714750e+03 8.815549071410647230e+03 6.900446270408015152e+03 5.644318773551385675e+03 4.409877000220132686e+03 4.005066922481212259e+03 3.156997730113477246e+03 2.467165080822126583e+03 1.896633194119130849e+03 1.733562160307544445e+03 9.515507392228391836e+03 9.418866905133958426e+03 8.828629532149238003e+03 6.947314107617813534e+03 5.713356841273320242e+03 4.500289689609397101e+03 4.102208394045016576e+03 3.267411034850558281e+03 2.587381844992562492e+03 2.024242812490698270e+03 1.863182138655879498e+03 9.517071610843857343e+03 9.422441112480511947e+03 8.845365252738409254e+03 7.007304721392038118e+03 5.801777637798293654e+03 4.616196171719838276e+03 4.226798410299465104e+03 3.409207047129276361e+03 2.741979507175403796e+03 2.188557938899078181e+03 2.030136500632180969e+03 9.519080780117423274e+03 9.427020954735466148e+03 8.866752479187403878e+03 7.084006920733343577e+03 5.914904600938119074e+03 4.764665469963586474e+03 4.386485339898728853e+03 3.591226066773767343e+03 2.940740663853866863e+03 2.400170841464017485e+03 2.245259530359367545e+03 9.521660022353800741e+03 9.432885301578167855e+03 8.894042758864386997e+03 7.181919549354094670e+03 6.059430017537887579e+03 4.954611758312157690e+03 4.590926610079864986e+03 3.824707240042623653e+03 3.196247519696973541e+03 2.672856137908318942e+03 2.522583672286834371e+03
1.039447127377146171e+04 1.029507904278031310e+04 9.670912258954065692e+03 7.637408147400970847e+03 6.290614580323336668e+03 4.947823275708386063e+03 4.501294277068602241e+03 3.556464865266186280e+03 2.781577682554432158e+03 2.138950593753758312e+03 1.955198010957759607e+03 1.039570053207948331e+04 1.029791730780671787e+04 9.684783423842673074e+03 7.688688011802219080e+03 6.366823337494319276e+03 5.048533776570930058e+03 4.609829943708070459e+03 3.680472124057197107e+03 2.916857926339390360e+03 2.282523828269418118e+03 2.100990485181425811e+03 1.039728150866102806e+04 1.030155569823514634e+04 9.702516485081583596e+03 7.754269024500724299e+03 6.464346589187565769e+03 5.177555703885053845e+03 4.748957534447192302e+03 3.839698770914058969e+03 3.090879227619009725e+03 2.467565737977051867e+03 2.288989508247346748e+03 1.039930827560474791e+04 1.030621577291106769e+04 9.725155214354999771e+03 7.838020178468481390e+03 6.588977160151708631e+03 5.342660664664105752e+03 4.927119387668008130e+03 4.044002762527844425e+03 3.314633587029572482e+03 2.706012518085441570e+03 2.531406840004631704e+03 1.040191689605048487e+04 1.031218087822914276e+04 9.754004845475788898e+03 7.944758792532355983e+03 6.747937422915665593e+03 5.553572209414145618e+03 5.154898592266163178e+03 4.305821394886336748e+03 3.602145583798565440e+03 3.013297607715058348e+03 2.844012800333182440e+03
1.131250086561255011e+04 1.121274240631594148e+04 1.056871326915469217e+04 8.424942829655998139e+03 6.992240578269455000e+03 5.542181099331180121e+03 5.052555419675559278e+03 4.004305691441720683e+03 3.135465190542794062e+03 2.411945652071378845e+03 2.204888353566801470e+03 1.131373170848485825e+04 1.121560940120571649e+04 1.058333815376335588e+04 8.480790100115542373e+03 7.075988949661961669e+03 5.653958896953079602e+03 5.173453457284972501e+03 4.143367830594761472e+03 3.287636132375006582e+03 2.573517808890330798e+03 2.368930432966874832e+03 1.131531607413568963e+04 1.121928171230608859e+04 1.060201863096819216e+04 8.552140163859421591e+03 7.183053293858286452e+03 5.797034423814343427e+03 5.328307976482127742e+03 4.321852518501003942e+03 3.483410187824515560e+03 2.781915317318187590e+03 2.580665924664504473e+03 1.131734565564507284e+04 1.122398573213746931e+04 1.062583985903968096e+04 8.643134325097989858e+03 7.319687535493430005e+03 5.979891081140540336e+03 5.526378176595602781e+03 4.550699381563043971e+03 3.735097330011108170e+03 3.050565512540998952e+03 2.853847363235889134e+03 1.131996528442571980e+04 1.123000418779341635e+04 1.065615116285630211e+04 8.758885915153747192e+03 7.493620857435972539e+03 6.213038796405541689e+03 5.779157787884012578e+03 4.843577795216304366e+03 4.058261518761415118e+03 3.396716842981327773e+03 3.206127249513969673e+03
1.226630727929092427e+04 1.216690204009440822e+04 1.150669371267887800e+04 9.261962546296646906e+03 7.749729210389016771e+03 6.195730498827448173e+03 5.662397119515178929e+03 4.505182413322015236e+03 3.533408282474089447e+03 2.719423515161270643e+03 2.486141630153883398e+03 1.226753050389790587e+04 1.216977495053478742e+04 1.152203464815788539e+04 9.322506311461060250e+03 7.841329930141205296e+03 6.319282766144994639e+03 5.796578814569706992e+03 4.660796711849337953e+03 3.704452377836761571e+03 2.901266645146513838e+03 2.670759993560654493e+03 1.226910549013081436e+04 1.217345552372089878e+04 1.154161129259790869e+04 9.399766654501316225e+03 7.958294425016150853e+03 6.477253315871265841e+03 5.968271020989317549e+03 4.860398990997257897e+03 3.924493149857898061e+03 3.135951880590002929e+03 2.909259523650655410e+03 1.227112577544926899e+04 1.217816571208372079e+04 1.156654425980753149e+04 9.498145400837964189e+03 8.107323246740501418e+03 6.678829161741748976e+03 6.187550244681221557e+03 5.116044152585586744e+03 4.207246016646550743e+03 3.438533858326789868e+03 3.217066054815443295e+03 1.227372334149066046e+04 1.218419267345672051e+04 1.159821743083380534e+04 9.623024346820719074e+03 8.296604804033146138e+03 6.935255403252102042e+03 6.466772423038663874e+03 5.442614399285868785e+03 4.569865642551251767e+03 3.828228127201522057e+03 3.613896302182251020e+03
1.325426828782916346e+04 1.315582597550220999e+04 1.248288981091200367e+04 1.014718916827262728e+04 8.563107222404352797e+03 6.910673968260052789e+03 6.333889640180440438e+03 5.063683525047898002e+03 3.980276161385700107e+03 3.065592489033225775e+03 2.802860294686575799e+03 1.325548046456169141e+04 1.315868624835940682e+04 1.249891194611152423e+04 1.021253590267028085e+04 8.662814154188530665e+03 7.046617915119053578e+03 6.482192226480773570e+03 5.237354373096245581e+03 4.172319350407002275e+03 3.270238401283210351e+03 3.010671894829148641e+03 1.325703486932921078e+04 1.316234920334119852e+04 1.251933534085989777e+04 1.029581730976585823e+04 8.789956329059856216e+03 7.220199283391412791e+03 6.671711443033062096e+03 5.459906297896853175e+03 4.419287896734478636e+03 3.534447057287876760e+03 3.279297334314847831e+03 1.325902912735976679e+04 1.316703734402855298e+04 1.254531158872348715e+04 1.040167526660123622e+04 8.951649975802120025e+03 7.441273329715784712e+03 6.913309071903947370e+03 5.744510682830743463e+03 4.736364174019096026e+03 3.875035489333041824e+03 3.625993212907877023e+03 1.326159960966286781e+04 1.317303173424101078e+04 1.257825046583554467e+04 1.053572481262671135e+04 9.156487029874526343e+03 7.721739720004290575e+03 7.220121794966054040e+03 6.107204566899465135e+03 5.142291274995895947e+03 4.313276232140671709e+03 4.072663808639286799e+03
