9.371769489451965418e-01 8.598355153851359178e-01 7.623369226119799391e-01 7.133752351480642240e-01 6.652703905898402770e-01 6.333879924777433557e-01 4.744400653440169480e-01 3.406632013750702237e-01 2.417906590719048621e-01
9.313104704523151867e-01 8.499323032067420680e-01 7.493762500708118779e-01 6.994075474337192455e-01 6.506695335957775050e-01 6.185299089446465448e-01 4.600807881636673757e-01 3.283233152765180907e-01 2.312377919046685881e-01
9.252301708419204962e-01 8.399333959600246979e-01 7.364865332460612812e-01 6.856152043776098104e-01 6.362545565392826452e-01 6.038893494933621486e-01 4.460427838471284212e-01 3.163616856487803108e-01 2.211787027820535656e-01
9.189673799042228364e-01 8.298787385158586938e-01 7.237127621779984032e-01 6.720017455527336203e-01 6.221118831149317074e-01 5.895498352557027033e-01 4.323900698921774866e-01 3.047571659640784247e-01 2.114951273896722161e-01
9.125597670792204852e-01 8.198179108201002485e-01 7.111098747831430256e-01 6.586059043232098675e-01 6.082467322327179682e-01 5.754963405289288403e-01 4.191209041171233274e-01 2.936172846570642703e-01 2.021592137067770578e-01
9.060567539713961782e-01 8.097983732742755070e-01 6.986939895734313177e-01 6.454791970823949843e-01 5.946507636737264901e-01 5.617859146412949034e-01 4.062361831746175711e-01 2.828749684467692371e-01 1.932400240443052364e-01
8.994980794578550931e-01 7.998705262793415205e-01 6.865289964564947889e-01 6.326182051790646410e-01 5.814247924343384222e-01 5.484028071977867791e-01 3.937814515071252908e-01 2.725120596131255235e-01 1.847134482355938245e-01
8.929302021880134443e-01 7.900713506770599137e-01 6.746258428466277435e-01 6.201062922374339648e-01 5.685180098317641484e-01 5.354109332242799058e-01 3.817076988391653880e-01 2.625670932131357604e-01 1.765293795442608449e-01
8.864029176024030843e-01 7.804469760212666696e-01 6.630221415769660398e-01 6.079091361299600038e-01 5.560093296487520487e-01 5.227903064960737201e-01 3.700753114153589318e-01 2.530019158180579764e-01 1.686966918292659989e-01
8.799492158554929055e-01 7.710364619306642187e-01 6.517521628109278486e-01 5.961110050428307661e-01 5.438821652583566424e-01 5.105940653418148401e-01 3.588357486504348826e-01 2.438234487375786907e-01 1.612282843655060693e-01
8.736167843934502519e-01 7.618698482960276630e-01 6.408366505207182540e-01 5.846791457251757640e-01 5.321753719547964723e-01 4.987993370223992029e-01 3.480125768559914623e-01 2.350229861294299838e-01 1.540673804458807805e-01
8.674309968369875445e-01 7.529898548461836372e-01 6.303008876154806428e-01 5.736696326015823244e-01 5.208936475064571692e-01 4.874584835330446619e-01 3.376140789254344909e-01 2.265885953823922050e-01 1.472527553084639340e-01
8.614280057782778277e-01 7.444174508542844571e-01 6.201671919804487842e-01 5.630830263090138565e-01 5.100463222347239034e-01 4.765520181326380333e-01 3.276195462931311697e-01 2.185209131013035044e-01 1.407420066779811740e-01
8.556317644795164989e-01 7.361817405775376022e-01 6.104485992619089751e-01 5.529363120664501086e-01 4.996559011149409590e-01 4.660959130959890784e-01 3.180426856511605616e-01 2.108166659206733295e-01 1.345349364763374633e-01
8.500636052107701790e-01 7.283041865219755939e-01 6.011630153112040853e-01 5.432421169904488867e-01 4.897307307558466660e-01 4.561071554693734154e-01 3.088758844880999388e-01 2.034567381784637419e-01 1.286211786693502168e-01
8.447427957181171676e-01 7.207977181849262172e-01 5.923204804518874544e-01 5.340046053038813856e-01 4.802662429957919588e-01 4.465729380283569028e-01 3.001231489722404056e-01 1.964388920494525570e-01 1.229900547947879036e-01
8.396839657483865516e-01 7.136752190497270831e-01 5.839262597902343810e-01 5.252372476754679775e-01 4.712763561479394459e-01 4.375199966438368393e-01 2.917719490954454042e-01 1.897550579238887203e-01 1.176302220522174452e-01
8.348949806138336038e-01 7.069487523798274609e-01 5.759944012460679330e-01 5.169495291638016576e-01 4.627588046593815174e-01 4.289306897551787290e-01 2.838300489600645848e-01 1.834009947574254673e-01 1.125405050028927961e-01
8.303827970896673349e-01 7.006170011342008896e-01 5.685223658722897699e-01 5.091275744197845121e-01 4.547167666377143203e-01 4.208147385076586033e-01 2.762902169336052816e-01 1.773634126292449598e-01 1.076996543525800126e-01
8.261496626218527428e-01 6.946823380706417250e-01 5.615058751245552982e-01 5.017757914352801718e-01 4.471542884892252823e-01 4.131664538069383941e-01 2.691476559659879420e-01 1.716403063601619761e-01 1.031063190155581399e-01
8.221940834255431207e-01 6.891406278326124291e-01 5.549441655113526162e-01 4.948971457709328003e-01 4.400561833217763175e-01 4.059849326563911287e-01 2.623955700568310068e-01 1.662222523444153999e-01 9.875186617397795075e-02
8.185112878162551509e-01 6.839844081154540234e-01 5.488290514727187652e-01 4.884733203599738172e-01 4.334213416780288708e-01 3.992610904154412776e-01 2.560313318230713620e-01 1.611000536921352033e-01 9.462294685945504824e-02
8.150941517452343632e-01 6.792025999414116333e-01 5.431467894626842430e-01 4.825003599526289100e-01 4.272381203978294906e-01 3.929875433181065358e-01 2.500445725969679955e-01 1.562701199109773897e-01 9.071441459233554883e-02
8.119315619975916443e-01 6.747827073204430981e-01 5.378858550865857069e-01 4.769622625720677522e-01 4.214952715063363109e-01 3.871544106488432613e-01 2.444294182885169142e-01 1.517213062277956992e-01 8.701765702166650018e-02
8.090103261122900680e-01 6.707046612417467690e-01 5.330325862371843026e-01 4.718463519978340903e-01 4.161825494075290788e-01 3.817448465721986484e-01 2.391796293326009792e-01 1.474460281113630089e-01 8.352512128200224872e-02
8.063162059703224971e-01 6.669521551785434488e-01 5.285628331544868219e-01 4.671331320028624390e-01 4.112835466136328111e-01 3.767500871382430394e-01 2.342842256371019949e-01 1.434388753701699437e-01 8.022905264091156896e-02
8.038330901577864784e-01 6.635045128364152056e-01 5.244589858164703244e-01 4.628019569951259404e-01 4.067738220312497321e-01 3.721489635838517995e-01 2.297359386205902743e-01 1.396923063170134038e-01 7.712202906524040502e-02
8.015429202863099123e-01 6.603374727443820369e-01 5.206961225409783012e-01 4.588315736561345837e-01 4.026366858199527110e-01 3.679229324829805803e-01 2.255241052464400930e-01 1.361978049716803252e-01 7.419672336120088085e-02
7.994272535724619155e-01 6.574284288270623167e-01 5.172496279672865738e-01 4.551966966920101276e-01 3.988481592391651120e-01 3.640533601073853154e-01 2.216347178327093548e-01 1.329499619309306158e-01 7.144630971832276189e-02
7.974665651807292255e-01 6.547518940719689873e-01 5.140942402544977918e-01 4.518730343612214484e-01 3.953883850308843040e-01 3.605161026198518415e-01 2.180571339675900222e-01 1.299379920231891195e-01 6.886342284914283296e-02
7.956393739742814164e-01 6.522803621985309164e-01 5.112009533370528436e-01 4.488335723662575938e-01 3.922292604629744051e-01 3.572882819791657893e-01 2.147739807926667410e-01 1.271532130876752154e-01 6.644251935981240753e-02
7.939212784550991886e-01 6.499865790150113343e-01 5.085434325022433200e-01 4.460524148458188121e-01 3.893452315774578176e-01 3.543460952566774846e-01 2.117731105595165586e-01 1.245857339239097444e-01 6.417628573378883483e-02
7.922848374944965189e-01 6.478362086559957822e-01 5.060881701498914920e-01 4.434991686188326510e-01 3.867111381656025415e-01 3.516627669344324358e-01 2.090365820253274332e-01 1.222249845716919386e-01 6.205889829049512224e-02
7.906957861489780637e-01 6.457904554904945194e-01 5.038045684949129521e-01 4.411447332793279608e-01 3.842986445239522930e-01 3.492149708863739321e-01 2.065486838326032470e-01 1.200613894622653000e-01 6.008362303044292169e-02
7.891125080056591301e-01 6.438046145285422073e-01 5.016521922733304661e-01 4.389565976202509656e-01 3.820793668603128523e-01 3.469748728272091243e-01 2.042910305483207067e-01 1.180833667653700264e-01 5.824455641765037550e-02
7.874837553119350408e-01 6.418213703002936255e-01 4.995865314627040976e-01 4.368955424172691338e-01 3.800225633124404423e-01 3.449137831650000430e-01 2.022443687983391802e-01 1.162793908244039998e-01 5.653558509108842778e-02
7.857469812823129063e-01 6.397725319857344717e-01 4.975545876288235414e-01 4.349195729327033355e-01 3.780942614015838088e-01 3.430045430103677573e-01 2.003890391393783055e-01 1.146383767615760524e-01 5.495065634590584613e-02
7.838277633436767644e-01 6.375741250915992753e-01 4.954888498553516873e-01 4.329766902693685804e-01 3.762545045699974278e-01 3.412124616537711153e-01 1.987074816730981519e-01 1.131485262737241537e-01 5.348375431957494430e-02
7.816390956200572893e-01 6.351278952574318515e-01 4.933099342278151056e-01 4.310010208206004334e-01 3.744555631673179286e-01 3.395000466247000692e-01 1.971795088109624394e-01 1.117975791018080145e-01 5.212918512443294461e-02
7.790822624594512247e-01 6.323186294024347731e-01 4.909213727965792695e-01 4.289152025753255604e-01 3.726391879422238929e-01 3.378212105533153209e-01 1.957878867543849655e-01 1.105727761334496656e-01 5.088108600727202918e-02
7.760479999011052898e-01 6.290157767156608903e-01 4.882083392604349981e-01 4.266235341876646880e-01 3.707324098965375514e-01 3.361179961456562393e-01 1.945119332769975895e-01 1.094629873827193955e-01 4.973391076556617912e-02
7.724176238517850290e-01 6.250741148659036961e-01 4.850371619753041097e-01 4.240105160367274029e-01 3.686448771501312782e-01 3.343181460213148770e-01 1.933329853346131277e-01 1.084554983910411274e-01 4.868218665768356268e-02
7.680638476596416409e-01 6.203361776902963642e-01 4.812559526179914227e-01 4.209410368654931123e-01 3.662659509013858061e-01 3.323311176617017582e-01 1.922289253417339971e-01 1.075390847929441479e-01 4.772056904601447436e-02
7.628519220948071222e-01 6.146318940352328841e-01 4.766942482806033610e-01 4.172585691784193029e-01 3.634636992905632136e-01 3.300454639909979893e-01 1.911747505132610492e-01 1.067023099235927114e-01 4.684395411571912193e-02
7.566403579721701078e-01 6.077824959964851503e-01 4.711656329811850785e-01 4.127860298702838437e-01 3.600819243347179732e-01 3.273260890316332938e-01 1.901392421433882041e-01 1.059352274685365636e-01 4.604731815193201239e-02
7.492820298332720785e-01 5.995995309927451000e-01 4.644686027652241145e-01 4.073273646518597579e-01 3.559416884268337689e-01 3.240131319196637993e-01 1.890806214627480941e-01 1.052275636605722181e-01 4.532575725681513984e-02
7.406258168814043863e-01 5.898898947223381040e-01 4.563893620961281261e-01 4.006691909033393006e-01 3.508419026889378345e-01 3.199218161569768459e-01 1.879444961590087115e-01 1.045672115698491611e-01 4.467444506009201483e-02
7.305212513958250220e-01 5.784586123680567349e-01 4.467065694865565706e-01 3.925849896527060512e-01 3.445617303977174806e-01 3.148438562330352908e-01 1.866576154179954983e-01 1.039410484325077599e-01 4.408858230086293989e-02
7.188265288224836569e-01 5.651207912530047395e-01 4.351999833709508381e-01 3.828417557559217199e-01 3.368654679982722167e-01 3.085504861416763500e-01 1.851248374730344315e-01 1.033324105996442088e-01 4.356334220027941601e-02
7.054218896474244715e-01 5.497187674412147285e-01 4.216676786292641310e-01 3.712141083741815617e-01 3.275118308642011589e-01 3.007993443535729727e-01 1.832251256914718962e-01 1.027189974746285789e-01 4.309378365394182786e-02
