1.350537870440311750e+01 1.875882315036777470e+01 2.293772739994638954e+01 3.143481927418432065e+01 3.376621432859437277e+01 3.669673777819772198e+01 3.868997591455019602e+01 4.458336429757437713e+01
1.553951812636701213e+01 2.160136602166115694e+01 2.639280645896252508e+01 3.603765185948511629e+01 3.866103910316032710e+01 4.194318274665185697e+01 4.416390462797436811e+01 5.065380490058546314e+01
1.787196109605768157e+01 2.486622122989496475e+01 3.035691598158131654e+01 4.130378695515410925e+01 4.425617721066116417e+01 4.793327198454286275e+01 5.040877653058487340e+01 5.755680769296492372e+01
2.054793957107256830e+01 2.861304595885863833e+01 3.490350403460943340e+01 4.732589105226442427e+01 5.064837528654410193e+01 5.476894439846930851e+01 5.753008507786036319e+01 6.540132313397046460e+01
2.361047353381762548e+01 3.291147034820119899e+01 4.011453205679224254e+01 5.420747337026428880e+01 5.794726185203769120e+01 6.256554399524599575e+01 6.564661930658046174e+01 7.431115150544346193e+01
2.711589595627934912e+01 3.783577828719037228e+01 4.608340730191673629e+01 6.206678094359411091e+01 6.627590382279622361e+01 7.145291028257622656e+01 7.489178458650123105e+01 8.442860206391561917e+01
3.112606662580140338e+01 4.347635849339636138e+01 5.291379962975504725e+01 7.103680693966593651e+01 7.577350751988988975e+01 8.157745014665893279e+01 8.541489958780447012e+01 9.590554680465719173e+01
3.571179076936108743e+01 4.993268622672042056e+01 6.072621978195322612e+01 8.126787820261156980e+01 8.659706714925164306e+01 9.310288598219140965e+01 9.738168345235862944e+01 1.089227718829027651e+02
4.094670618591149491e+01 5.731620014150227860e+01 6.965564842939353696e+01 9.292769991022959175e+01 9.892294355813646689e+01 1.062132643950180153e+02 1.109839078055191806e+02 1.236736719289078650e+02
4.692206320834721112e+01 6.575316891720109425e+01 7.985126998578108726e+01 1.062064719512012090e+02 1.129485689702646170e+02 1.211140673227450151e+02 1.264300924453591790e+02 1.403828399960332831e+02
5.373797183811826983e+01 7.538840388465197861e+01 9.148491777258760749e+01 1.213176995556586490e+02 1.288962981694895404e+02 1.380366292336491654e+02 1.439527667125570929e+02 1.592967226746363849e+02
6.150185512336339144e+01 8.637973319233357472e+01 1.047493118970016042e+02 1.384993809072086322e+02 1.470150201153199987e+02 1.572396260250308444e+02 1.638237460721379364e+02 1.806975835522626710e+02
7.034179563014828318e+01 9.890961539015475523e+01 1.198576533451106485e+02 1.580197602130494090e+02 1.675829989656643022e+02 1.790120275501979563e+02 1.863368558268533945e+02 2.048971288879190240e+02
8.039612034837017518e+01 1.131811237730378252e+02 1.370537004585032435e+02 1.801794178799077031e+02 1.909122814201715528e+02 2.036781975051796962e+02 2.118195005745818662e+02 2.322446502977923899e+02
9.182176460385994687e+01 1.294198166086825665e+02 1.566067087848034873e+02 2.053138832734165931e+02 2.173510519705336321e+02 2.316028143663097012e+02 2.406535265209215027e+02 2.631397917829397102e+02
1.047943513274438061e+02 1.478829319795299853e+02 1.788220290697702239e+02 2.337991261802947349e+02 2.472906699282914644e+02 2.631910244683608653e+02 2.732460819811871033e+02 2.980235109097370696e+02
1.195076148910077052e+02 1.688532474058578146e+02 2.040370239327301931e+02 2.660566534765349047e+02 2.811672329387365039e+02 2.989028839249277212e+02 3.100734542229299677e+02 3.373950416837454327e+02
1.361804067611550693e+02 1.926509732065560456e+02 2.326340207897525829e+02 3.025563577784554354e+02 3.194716053889123941e+02 3.392458497727026270e+02 3.516586203453888402e+02 3.818147080230922370e+02
1.550538829983887013e+02 2.196323933851808761e+02 2.650372420500874568e+02 3.438269628104065418e+02 3.627535415445951799e+02 3.847986111102922564e+02 3.985898649333036019e+02 4.319139550596489698e+02
1.763973615087779763e+02 2.501942921995772906e+02 3.017229204850520432e+02 3.904596523093272253e+02 4.116271919121112433e+02 4.362033752683871626e+02 4.515351239996412005e+02 4.884033996679700635e+02
2.005107490718678775e+02 2.847839499082308521e+02 3.432234260314732524e+02 4.431171820225551983e+02 4.667889256878333981e+02 4.941877309018158826e+02 5.112409749724491235e+02 5.520828014542257733e+02
2.277271492038816518e+02 3.238976725958149245e+02 3.901338483577324041e+02 5.025460032427665737e+02 5.290155127819383551e+02 5.595721154929475460e+02 5.785427579314495006e+02 6.238577442774621886e+02
2.584143638415952751e+02 3.680918403777544654e+02 4.431242837573927318e+02 5.695847721694613028e+02 5.991834308641599591e+02 6.332714459634939885e+02 6.543952448201019934e+02 7.047455257241095978e+02
2.929842374607384841e+02 4.179890988138292869e+02 5.029433076180852709e+02 6.451779523553844911e+02 6.782819380335572532e+02 7.163301528809619185e+02 7.398699905904738898e+02 7.959002248990731232e+02
3.318930420514640218e+02 4.742856724744523262e+02 5.704341651333400023e+02 7.303913602123144528e+02 7.674285718607266062e+02 8.099232655095097471e+02 8.361786050412922577e+02 8.986248407118200703e+02
3.756498474705160788e+02 5.377682699305912593e+02 6.465432550565162728e+02 8.264292755915258795e+02 8.678851692502407786e+02 9.153777791131172989e+02 9.446919349036802487e+02 1.014386196364964917e+03
4.248195371453983853e+02 6.093148889990554835e+02 7.323431610370844282e+02 9.346519832121766740e+02 9.810770692401913493e+02 1.034196893560079388e+03 1.066955494921671061e+03 1.144852222186637164e+03
4.800366299776471237e+02 6.899181891513422897e+02 8.290367847838705302e+02 1.056598754872309428e+03 1.108618833283420372e+03 1.168084448534467356e+03 1.204728772545012589e+03 1.291902463725837379e+03
5.420105011541744489e+02 7.806977079274298603e+02 9.379886423755126543e+02 1.194012722100740120e+03 1.252338612497336726e+03 1.318959335216113914e+03 1.359994163390952281e+03 1.457657133263878677e+03
6.115389703424542631e+02 8.829197591555821418e+02 1.060743547527061764e+03 1.348858676396267583e+03 1.414299819552949430e+03 1.488996285009704252e+03 1.534984150986290388e+03 1.644512829655009000e+03
6.895220445234330100e+02 9.980178707708779484e+02 1.199042989603147134e+03 1.523365071514883994e+03 1.596830996280080626e+03 1.680639367379060104e+03 1.732221320484698481e+03 1.855130037246097800e+03
7.769761072050978328e+02 1.127611464438558869e+03 1.354863953051325325e+03 1.720031737498953817e+03 1.802543085707973887e+03 1.896631862915197189e+03 1.954517847346804274e+03 2.092499989619627286e+03
8.750554204864445182e+02 1.273540106923099529e+03 1.530429081612400978e+03 1.941644083833392415e+03 2.034351433246956503e+03 2.140011587588225211e+03 2.204991162891251861e+03 2.359882615801257998e+03
9.850721378534468613e+02 1.437882572144114647e+03 1.728236773911753062e+03 2.191304062974050339e+03 2.295470859223717071e+03 2.414120420842513795e+03 2.487050564950024182e+03 2.660811694525391431e+03
1.108521862191868877e+03 1.622981347527302205e+03 1.951081321059910806e+03 2.472398204814165638e+03 2.589388180185139845e+03 2.722562592228799531e+03 2.804355056347286791e+03 2.999008090155342416e+03
1.247114541758201085e+03 1.831473962068870605e+03 2.202051593274744391e+03 2.788562258137684694e+03 2.919848169464937655e+03 3.069144624755560471e+03 3.160738593053116347e+03 3.378268901045326857e+03
1.402799256222071790e+03 2.066301290130065354e+03 2.484537393312887616e+03 3.143644276393114524e+03 3.290729418905594230e+03 3.457776394314199024e+03 3.560097640347518791e+03 3.802321302776893390e+03
1.577802570381471014e+03 2.330729737871751240e+03 2.802205006636083453e+03 3.541595159572642388e+03 3.705985390222667775e+03 3.892343212990285338e+03 4.006246008037187494e+03 4.274614233243283707e+03
1.774660656288916016e+03 2.628352186802764663e+03 3.158971672862046944e+03 3.986367219026256862e+03 4.169482340534591458e+03 4.376559796475488838e+03 4.502758633593802188e+03 4.798156175778814031e+03
1.996254612675832959e+03 2.963093952146352422e+03 3.558957269761352109e+03 4.481806140998773117e+03 4.684876953259434231e+03 4.913806644220036105e+03 5.052798997878669979e+03 5.375329893794699274e+03
2.245853818097798012e+03 3.339187100258277496e+03 4.006413217414331484e+03 5.031495444546293584e+03 5.255491528758347158e+03 5.507003851613978441e+03 5.658988672837363993e+03 6.007758045124575801e+03
2.527140715405931587e+03 3.761158473254620276e+03 4.505674623487193458e+03 5.638704699434330905e+03 5.884201486091665174e+03 6.158518469317490599e+03 6.323303100069347238e+03 6.696230916822140898e+03
2.844265341928137332e+03 4.233797442064857023e+03 5.061084565887264034e+03 6.306253788434813941e+03 6.573355324191888940e+03 6.870066972760902900e+03 7.047047547262608532e+03 7.440755866569921636e+03
3.201867716375702003e+03 4.762105347198818890e+03 5.676935906220971447e+03 7.036515865285639848e+03 7.324778080994052289e+03 7.642776506740113291e+03 7.830849938641287736e+03 8.240608357612642067e+03
3.605115762590986833e+03 5.351280090576083239e+03 6.357403775327396943e+03 7.831415220251118626e+03 8.139781966944905435e+03 8.477189976348365235e+03 8.674753417822632400e+03 9.094446513760693051e+03
4.059734101741723407e+03 6.006624287297698174e+03 7.106513504788423234e+03 8.692432031270815060e+03 9.019194597810863343e+03 9.373355364847910096e+03 9.578278788028197596e+03 1.000049786255899926e+04
4.572032674279865205e+03 6.733517557797334121e+03 7.928105326245412471e+03 9.620659263686891791e+03 9.963440569815818890e+03 1.033089033786522123e+04 1.054053500270882250e+04 1.095659442929307079e+04
5.148914253401995666e+03 7.537340419377374928e+03 8.825790776698418995e+03 1.061686064725531287e+04 1.097259883812500811e+04 1.134905323569813845e+04 1.156025386437267480e+04 1.196028890761560433e+04
5.797870956071466026e+03 8.423406443528845557e+03 9.802939622235258867e+03 1.168144407850852076e+04 1.204639041888935208e+04 1.242673531894784719e+04 1.263578335309999056e+04 1.300880781964094422e+04
6.526966929827981403e+03 9.396872397791355979e+03 1.086262176337611345e+04 1.281445978241247030e+04 1.318412973260653052e+04 1.356234568428967759e+04 1.376497208056569980e+04 1.409893066488171826e+04
