5.684702583038201183e+07 6.659284306159599125e+07 7.260949686980608106e+07 8.473523370383228362e+07 8.814724063830934465e+07 9.234824877610591054e+07 9.503625690525665879e+07 1.014762936933829188e+08
6.515920360962993652e+07 7.671789909949767590e+07 8.391777418761655688e+07 9.857792106247705221e+07 1.027458991630803645e+08 1.079134964261277616e+08 1.112457936232652813e+08 1.192914528297164887e+08
7.467252755380442739e+07 8.836540091136361659e+07 9.696880568225133419e+07 1.146530463860442936e+08 1.197295529089121073e+08 1.260646500129542947e+08 1.301800695507749319e+08 1.402019432478337586e+08
8.556126782780033350e+07 1.017696562148308605e+08 1.120336501433673352e+08 1.333227776947787255e+08 1.394891619283556640e+08 1.472312093395347893e+08 1.522957425246623158e+08 1.647410463679409027e+08
9.803474996590448916e+07 1.171991814378560632e+08 1.294283184924735725e+08 1.550098141325925291e+08 1.624814976485013664e+08 1.719155275778617263e+08 1.781273458620812893e+08 1.935344850212740600e+08
1.123232086511934996e+08 1.349658503895978034e+08 1.495205677971425354e+08 1.802078989959616065e+08 1.892404688911693394e+08 2.007056044467658103e+08 2.083011347165122032e+08 2.273164523158873320e+08
1.286970860967890173e+08 1.554341694844899178e+08 1.727385453596014678e+08 2.094940668522423208e+08 2.203909204468065500e+08 2.342901580673184991e+08 2.435508847609630227e+08 2.669493602883298099e+08
1.474747205540698171e+08 1.790263187620480657e+08 1.995802899485991895e+08 2.435438419911987185e+08 2.566647858295459747e+08 2.734768196954844594e+08 2.847377981090632081e+08 3.134460429188175201e+08
1.690146657638503611e+08 2.062329100055466294e+08 2.306294993266066611e+08 2.831484242212883830e+08 2.989198330089251399e+08 3.192129041083436608e+08 3.328725140471902490e+08 3.679982204649727345e+08
1.937454248564703763e+08 2.376306969576225579e+08 2.665662273914424479e+08 3.292351248136690259e+08 3.481623768171763420e+08 3.726108121081715226e+08 3.891424441081569791e+08 4.320081969682536721e+08
2.221520969775486887e+08 2.738858871306394339e+08 3.081865458364288211e+08 3.828922252947013974e+08 4.055741559348222613e+08 4.349776045688165426e+08 4.549434021187286973e+08 5.071262142426120639e+08
2.548118988276037574e+08 3.157857139109873176e+08 3.564242906188979745e+08 4.453977251107971072e+08 4.725434138977771401e+08 5.078498510780940056e+08 5.319170550637435913e+08 5.952967815812855959e+08
2.923851008178694248e+08 3.642434985295623541e+08 4.123714730969666243e+08 5.182537126597157121e+08 5.507028626698218584e+08 5.930356322466839552e+08 6.219955082058944702e+08 6.988104515296958685e+08
3.356516118323286176e+08 4.203349843922173381e+08 4.773131440206035972e+08 6.032264640394639969e+08 6.419731709050561190e+08 6.926629313582893610e+08 7.274534321831855774e+08 8.203674293979824781e+08
3.855228481699938178e+08 4.853195567190600038e+08 5.527565049835847616e+08 7.023948066645213366e+08 7.486154243524177074e+08 8.092376159217504263e+08 8.509703172407494783e+08 9.631470069351748228e+08
4.430588833436179757e+08 5.606771868485668898e+08 6.404742861236833334e+08 8.182057914901219606e+08 8.732924228775032759e+08 9.457120100990456343e+08 9.957032133500990868e+08 1.130900348880152225e+09
5.095075982309471369e+08 6.481468945368077755e+08 7.425530193443157673e+08 9.535428667542191744e+08 1.019141759810511470e+09 1.105564951692921162e+09 1.165372414408439398e+09 1.328050991363227367e+09
5.863317845352948904e+08 7.497763920497902632e+08 8.614485279737489223e+08 1.111802780874010086e+09 1.189860290665800571e+09 1.292896531916095734e+09 1.364363425119009256e+09 1.559800807729531050e+09
6.752511509921025038e+08 8.679724349582041502e+08 1.000053094703025937e+09 1.296989269533405304e+09 1.389806346795526743e+09 1.512539744459244251e+09 1.597844989219879627e+09 1.832300453357526064e+09
7.782874476014219522e+08 1.005572535576512933e+09 1.161775886734066486e+09 1.513821845469275236e+09 1.624116444255266428e+09 1.770191491157892466e+09 1.871910341518890142e+09 2.152790884675344944e+09
8.978192476369671822e+08 1.165921120191778183e+09 1.350635723862719297e+09 1.767863741911255836e+09 1.898845976955739975e+09 2.072566672027749538e+09 2.193741056821169376e+09 2.529797665323070526e+09
1.036646399228155136e+09 1.352959538198024273e+09 1.571370633461320877e+09 2.065672427711836576e+09 2.221132296511292458e+09 2.427579597959092140e+09 2.571800878235277176e+09 2.973376539579614162e+09
1.198076891170119762e+09 1.571337030616413355e+09 1.829565751009496212e+09 2.414977813368874073e+09 2.599386143801509380e+09 2.844556287289120674e+09 3.016062896582013607e+09 3.495373933331238270e+09
1.386000586791817665e+09 1.826533538102131128e+09 2.131805661628059864e+09 2.824887757926448345e+09 3.043519814902164459e+09 3.334485158080293179e+09 3.538276714915806770e+09 4.109773159807537556e+09
1.605018324460112810e+09 2.125011396881327629e+09 2.485853982594860077e+09 3.306134099522210598e+09 3.565209547123706818e+09 3.910309386528141022e+09 4.152281503406867981e+09 4.832989466478181839e+09
1.860539686406114101e+09 2.474389509394432068e+09 2.900857759663647652e+09 3.871357774529170990e+09 4.178206347194519997e+09 4.587270499673726082e+09 4.874373258429096222e+09 5.684387939644281387e+09
2.158967451927851200e+09 2.883647640187013149e+09 3.387596408304549694e+09 4.535440783840157509e+09 4.898699753282161713e+09 5.383309274005653381e+09 5.723731750734552383e+09 6.686741673398425102e+09
2.507834697815430164e+09 3.363364764024125576e+09 3.958760826863746643e+09 5.315897613987730980e+09 5.745737416270926476e+09 6.319529306764658928e+09 6.722914692688991547e+09 7.866871531023620605e+09
2.916034374021938801e+09 3.926007472317883492e+09 4.629293452411764145e+09 6.233321119994682312e+09 6.741708652037765503e+09 7.420727952751140594e+09 7.898421532482038498e+09 9.256203165860210419e+09
3.394052542794332981e+09 4.586241923192830086e+09 5.416765060384589195e+09 7.311893644553921700e+09 7.912891846585270882e+09 8.715990191419731140e+09 9.281319439798238754e+09 1.089156345385872269e+10
3.954223302653614998e+09 5.361324751493372917e+09 6.341826835631570816e+09 8.579953426865513802e+09 9.290056240826684952e+09 1.023933289367938805e+10 1.090791240917066574e+10 1.281589947464164543e+10
4.611091804960775375e+09 6.271532806713173866e+09 7.428700734559619904e+09 1.007060610764855194e+10 1.090909858400004196e+10 1.203036879347722816e+10 1.282042186649519920e+10 1.507887927342780685e+10
5.381765662913373947e+09 7.340666582621098518e+09 8.705739760491090775e+09 1.182235058626169777e+10 1.281167713932861710e+10 1.413493829661045265e+10 1.506760871748370743e+10 1.773773274353679276e+10
6.286364557378692627e+09 8.596602724398468018e+09 1.020603943208692169e+10 1.387967342070911789e+10 1.504577958779046059e+10 1.660563616331478310e+10 1.770525559328660583e+10 2.085706744120515823e+10
7.348521797537915230e+09 1.007190484545827675e+10 1.196801581183036613e+10 1.629354015258322334e+10 1.766615396153402710e+10 1.950212617220978928e+10 2.079639228178843307e+10 2.450928314812333679e+10
8.595980982066997528e+09 1.180444592886739349e+10 1.403602626723363495e+10 1.912169905547348022e+10 2.073447792416161346e+10 2.289112517736667633e+10 2.441113003672335052e+10 2.877360699612216187e+10
1.006120114217010117e+10 1.383806975591969681e+10 1.646085216581326485e+10 2.242866140184405899e+10 2.431915297682947159e+10 2.684591617527385712e+10 2.862596509944668579e+10 3.373490509795199966e+10
1.178211464895676231e+10 1.622312021569378471e+10 1.929999409282003021e+10 2.628525577882804489e+10 2.849458321738759995e+10 3.144525344500160599e+10 3.352241791805044556e+10 3.948153219441561890e+10
1.380282360995982361e+10 1.901685436072813416e+10 2.261770329865581512e+10 3.076758558812584305e+10 3.333979232428102112e+10 3.677153086830232239e+10 3.918488398924535370e+10 4.610232117656604004e+10
1.617433852783539391e+10 2.228355713083471298e+10 2.648448248282148743e+10 3.595523698532209015e+10 3.893625148191939545e+10 4.290811254533509064e+10 4.569763912551637268e+10 5.368294298423921204e+10
1.895516139588675308e+10 2.609416289284973526e+10 3.097599220256108856e+10 4.192863875153314209e+10 4.536480024286539459e+10 4.993576140865058136e+10 5.314098415122319031e+10 6.230140520501405334e+10
2.221165052945982742e+10 3.052523952719409943e+10 3.617104992277069092e+10 4.876535466302338409e+10 5.270156968881645203e+10 5.792812719113251495e+10 6.158646534307093811e+10 7.202335548252630615e+10
2.601788480663271332e+10 3.565692732570764160e+10 4.214847800604668427e+10 5.653528752671546936e+10 6.101284484355863190e+10 6.694632904109529877e+10 7.109140007350167847e+10 8.289639318539343262e+10
3.045482111942303848e+10 4.156971696259572601e+10 4.898259729248688507e+10 6.529460540185857391e+10 7.034881178740531921e+10 7.703264206425215149e+10 8.169262287447517395e+10 9.494511159681329346e+10
3.560827424892771149e+10 4.833938259205224609e+10 5.673693110995364380e+10 7.507837114646221924e+10 8.073620565106196594e+10 8.820339096459713745e+10 9.339971402027610779e+10 1.081660500481556244e+11
4.156538346603173828e+10 5.602998192149025726e+10 6.545595209018219757e+10 8.589180163360032654e+10 9.216984801084368896e+10 1.004411332170806732e+11 1.061877997507293243e+11 1.225225966140487061e+11
4.840876002254155731e+10 6.468420655453381348e+10 7.515444928480690002e+10 9.770011880613656616e+10 1.046031880664529419e+11 1.136863468974505005e+11 1.199902194161284943e+11 1.379413392485541992e+11
5.620769822874222565e+10 7.431084706547929382e+10 8.580438301634127808e+10 1.104172097503673401e+11 1.179380103275864410e+11 1.278287944523638000e+11 1.346911136174774170e+11 1.543086583654272461e+11
6.500594300296627045e+10 8.486861531099214172e+10 9.731890307391632080e+10 1.238935049806056366e+11 1.320139927593546600e+11 1.426994830982734680e+11 1.501192159547785339e+11 1.714689644068979797e+11
7.480455614925155640e+10 9.624662189420089722e+10 1.095341828996631012e+11 1.379042760242484131e+11 1.465993097275382385e+11 1.580641849413875122e+11 1.660432389680567017e+11 1.892254073921184998e+11
