4.939199473556555375e+01 4.889271377483827052e+01 4.644001031722859096e+01 4.078066107350397829e+01 3.656279740405286560e+01 3.140042026680434972e+01 2.950692372927099072e+01 2.526558458585313360e+01 2.148482596319324145e+01 1.798873217854283624e+01 1.688405041508838167e+01 4.940119904587322708e+01 4.891279404587596247e+01 4.650509757070742722e+01 4.094178380747071344e+01 3.681278748903887532e+01 3.176293324331176393e+01 2.991034399330237648e+01 2.576171736075657037e+01 2.206860728535339788e+01 1.866625140476167033e+01 1.759804815066392081e+01 4.941384418110456522e+01 4.893845337057810241e+01 4.658905494234011968e+01 4.115110028241426932e+01 3.713701037025006002e+01 3.223207526277555957e+01 3.043204572947004038e+01 2.640307399481876161e+01 2.282385082255872888e+01 1.954405032503398587e+01 1.852156133716645314e+01 4.942951349556302176e+01 4.897177364117342790e+01 4.669748439125453388e+01 4.142406308787521851e+01 3.755813344506928786e+01 3.283958605041956247e+01 3.110679058941610364e+01 2.723130858081116301e+01 2.379836486990744149e+01 2.067377684816256078e+01 1.970798317350173789e+01 4.945102633216023946e+01 4.901431783555921839e+01 4.683748833833066527e+01 4.178102264824747891e+01 3.810652233636896824e+01 3.362629146746070319e+01 3.197907385095876265e+01 2.829823277490181255e+01 2.504943785910462850e+01 2.211640144476602643e+01 2.121762275891110150e+01
5.573817206755078502e+01 5.520868711560284936e+01 5.259636473668133760e+01 4.650768134739586657e+01 4.180826131949181246e+01 3.597254299972451719e+01 3.381670045298133687e+01 2.897612338289497558e+01 2.465794641692615130e+01 2.066233026255615712e+01 1.939866997572737617e+01 5.574890725223584553e+01 5.523168982538243199e+01 5.266903722712591218e+01 4.668950287844900515e+01 4.209144861390056036e+01 3.638440293024877548e+01 3.427542235558076555e+01 2.954152142362827149e+01 2.532388900506847662e+01 2.143516718898023043e+01 2.021216919646031940e+01 5.576429382196322138e+01 5.526062919458245659e+01 5.276281744312851885e+01 4.692566626291768017e+01 4.245866471667548581e+01 3.691721800219795568e+01 3.486860978056835592e+01 3.027229214335465812e+01 2.618535527667395613e+01 2.243607331258930060e+01 2.126609819630681741e+01 5.578138154699822593e+01 5.529847761249870075e+01 5.288388493816623281e+01 4.723322459661616080e+01 4.293572060014049185e+01 3.760684720126482716e+01 3.563567287340833900e+01 3.121565093268623770e+01 2.729638673005160854e+01 2.372468355239924875e+01 2.261951835329069382e+01 5.580453999213862915e+01 5.534612006098595316e+01 5.304028140641573685e+01 4.763480449521349414e+01 4.355655965848005451e+01 3.849949176901967007e+01 3.662713170534491525e+01 3.243043279313925353e+01 2.872273627804160867e+01 2.537060661242245985e+01 2.434249654747633684e+01
6.289920909007874883e+01 6.234353778194125084e+01 5.956991523786105347e+01 5.303023703696139535e+01 4.779339055574728690e+01 4.118997795789573502e+01 3.873764938340845276e+01 3.321904693511956452e+01 2.828847202969190988e+01 2.372241003573628504e+01 2.227857600653874925e+01 6.291230717089583635e+01 6.236852424017766339e+01 5.965121434746160389e+01 5.323529646432818652e+01 4.811397132656280462e+01 4.165779090952839425e+01 3.925922911436723695e+01 3.386285433845856119e+01 2.904714524043966861e+01 2.460304154396396115e+01 2.320561833968364596e+01 6.292741190942190599e+01 6.240163249533120648e+01 5.975607967225288775e+01 5.350141230088897970e+01 4.852954604792490301e+01 4.226292531449868761e+01 3.993343531383427347e+01 3.469484784080451334e+01 3.002919792342641259e+01 2.574443815291117943e+01 2.440667857807664021e+01 6.294788190018327612e+01 6.244227601797458505e+01 5.989145347086365945e+01 5.384760819806035670e+01 4.906917514352132770e+01 4.304604977230801666e+01 4.080513201640864196e+01 3.576867362124617244e+01 3.129578641324053123e+01 2.721452265027038209e+01 2.595035284302055700e+01 6.297440563099824118e+01 6.249750588958844588e+01 6.006640170752425689e+01 5.429946517987104926e+01 4.977107594893687548e+01 4.405960926534590527e+01 4.193140552777416730e+01 3.715129767730993393e+01 3.292139551700991973e+01 2.909207598177901133e+01 2.791652160828184037e+01
7.098499435348536224e+01 7.039953211694644608e+01 6.746806338241447065e+01 6.045325197725473032e+01 5.461871821042740294e+01 4.714565324298188642e+01 4.435645229822094393e+01 3.806827624808816779e+01 3.244016625501821949e+01 2.722524573803061188e+01 2.557492776790477507e+01 7.099704250602643185e+01 7.042854665456218299e+01 6.755896112093056161e+01 6.068465739226422073e+01 5.498135729049494103e+01 4.767680852878930153e+01 4.494927016756162175e+01 3.880105383083075310e+01 3.330475205504728820e+01 2.822954333905349245e+01 2.663302744713530501e+01 7.101452150825481624e+01 7.046508097698685447e+01 6.767622402290049877e+01 6.098482867109362360e+01 5.545123418185656305e+01 4.836365063563022204e+01 4.571539086059082280e+01 3.974748717056537828e+01 3.442246882080416981e+01 2.952979501188119826e+01 2.800038440431575992e+01 7.103942470479148596e+01 7.051244399859206169e+01 6.782765327605498840e+01 6.137520096401226510e+01 5.606120652883357280e+01 4.925232941003187648e+01 4.670548084172164494e+01 4.096887403016591378e+01 3.586410579245635688e+01 3.120338306681857077e+01 2.975889281821719123e+01 7.106595526302974974e+01 7.057333237213462951e+01 6.802331362665664471e+01 6.188425585064149459e+01 5.685439222453720731e+01 5.040222955277859995e+01 4.798442012096003140e+01 4.254123184283960057e+01 3.771439855284643983e+01 3.334167710548985752e+01 3.199842756827337098e+01
8.010362608785298733e+01 7.949832639409399349e+01 7.641167459487702729e+01 6.889596879900602744e+01 6.239133005200883275e+01 5.394049100745655778e+01 5.076688655485868651e+01 4.359928187864104387e+01 3.717926318366180283e+01 3.122978978050072030e+01 2.934644741314522065e+01 8.012026304375034158e+01 7.952969878943569881e+01 7.651338693839772986e+01 6.915734606848165811e+01 6.280193911180770527e+01 5.454303099621628803e+01 5.143981614008428238e+01 4.443298886266661185e+01 3.816356415009495606e+01 3.237246158997506740e+01 3.054809795595006960e+01 8.013907778909566559e+01 7.957136070313724474e+01 7.664461948619391762e+01 6.949621441436961788e+01 6.333391869288259812e+01 5.532216880890189969e+01 5.230941376851881586e+01 4.550941671150669521e+01 3.943620326890981431e+01 3.385182279804129735e+01 3.210476983547807350e+01 8.016522391942903880e+01 7.962422304352034530e+01 7.681405413671576810e+01 6.993656753849907659e+01 6.402426675431524927e+01 5.633008470240915955e+01 5.343331493406246580e+01 4.689823073912650386e+01 4.107675486064417925e+01 3.575701612260673556e+01 3.410688896653080349e+01 8.019773505358854493e+01 7.969280485522169499e+01 7.703306085235797696e+01 7.051023774310006331e+01 6.492164247996107918e+01 5.763407621840357109e+01 5.488493228806449054e+01 4.868590210670397056e+01 4.318263932186536636e+01 3.819205830089872933e+01 3.665802119523311120e+01
9.039250330787993448e+01 8.976983149537046813e+01 8.653368639367585047e+01 7.848918204244162666e+01 7.123975014921713012e+01 6.167908207628109096e+01 5.807143576143227648e+01 4.990882297790606970e+01 4.258891882073954349e+01 3.580339925228872033e+01 3.365437376863160068e+01 9.041393946209062449e+01 8.980581823520567752e+01 8.664754814126665394e+01 7.878437328017871266e+01 7.170417876302950333e+01 6.236243130994593997e+01 5.883525540058540315e+01 5.085654937599644398e+01 4.370891399903699437e+01 3.710239725155808088e+01 3.502115459112160778e+01 9.043599365285969327e+01 8.985222862986086056e+01 8.679444784552802616e+01 7.916690966700249987e+01 7.230578257977205681e+01 6.324576539725436675e+01 5.982203562222872506e+01 5.208040657429606313e+01 4.515718110477185121e+01 3.878567186017448165e+01 3.679167923729626466e+01 9.046576666132756372e+01 8.991259602578429622e+01 8.698409336483882726e+01 7.966368740649491542e+01 7.308626895115325794e+01 6.438843356783006300e+01 6.109720117031059772e+01 5.365924986037698119e+01 4.702358339436639767e+01 4.095441283776889208e+01 3.907043233831204532e+01 9.050100211710847020e+01 8.998905924916596177e+01 8.722925963361628021e+01 8.031071004536320856e+01 7.410053612467466166e+01 6.586649244877064291e+01 6.274396310414781652e+01 5.569065667631092964e+01 4.941845282323398436e+01 4.372593361897472164e+01 4.197450568931721193e+01
1.020098049835334422e+02 1.013667821415291712e+02 9.798783895628827167e+01 8.938360322238773392e+01 8.130598776102512204e+01 7.049196371922620585e+01 6.639327945408835774e+01 5.709994596070585970e+01 4.875978811280931069e+01 4.102584989413794858e+01 3.857466353601507336e+01 1.020294014037080217e+02 1.014075787104174395e+02 9.811533531156472066e+01 8.971676330360403995e+01 8.183108447850656830e+01 7.126643789112340244e+01 6.725933941842323804e+01 5.817581580229062865e+01 5.003221481649602254e+01 4.250279058536049348e+01 4.012902169969919441e+01 1.020527048135599983e+02 1.014602534853308953e+02 9.827984043407855097e+01 9.014843396280647880e+01 8.251118803615362651e+01 7.226756887721242606e+01 6.837820373767959836e+01 5.956488453113155401e+01 5.167650187513979887e+01 4.441532874173375944e+01 4.214151291932159893e+01 1.020864486572776997e+02 1.015272922328237826e+02 9.849223316081975099e+01 9.070895774887870289e+01 8.339334592263138290e+01 7.356218989158516308e+01 6.982382957118076661e+01 6.135675607843447921e+01 5.379728918045288566e+01 4.687962056507440423e+01 4.473050139061521691e+01 1.021281603923527825e+02 1.016138119310073193e+02 9.876677033808796580e+01 9.143870687924068363e+01 8.453945073498995555e+01 7.523646800627182074e+01 7.169052711748310003e+01 6.366283485213584470e+01 5.651884798668177012e+01 5.003017693590107484e+01 4.803264501807355913e+01
1.151109008886693204e+02 1.144576903737670506e+02 1.109429235904844120e+02 1.017435377501086577e+02 9.274331295328147462e+01 8.051571317640788550e+01 7.585856413290740363e+01 6.528572178692904515e+01 5.578859953539494398e+01 4.698146065911902269e+01 4.419079836169163400e+01 1.151343471712624336e+02 1.145033503802532948e+02 1.110857244086050741e+02 1.021199081578621843e+02 9.333667671019230738e+01 8.139247491652454869e+01 7.684000465430158044e+01 6.650701667043817622e+01 5.723390110623784466e+01 4.865829247315837591e+01 4.595368386933960636e+01 1.151637941869218338e+02 1.145621553736705209e+02 1.112699680602014638e+02 1.026075027468928482e+02 9.410510062763977146e+01 8.252579179786155805e+01 7.810783701278037938e+01 6.808346784622803227e+01 5.910179079176904793e+01 5.082999521142033217e+01 4.823859589223864930e+01 1.151978893556572672e+02 1.146381513678173008e+02 1.115078308675112737e+02 1.032404809187206212e+02 9.510168825348638677e+01 8.399136745097797530e+01 7.974570905260200959e+01 7.011695023477260236e+01 6.151039580593919709e+01 5.362942666537023229e+01 5.117964660273718636e+01 1.152461247575421055e+02 1.147355473691414858e+02 1.118154079456999739e+02 1.040642468693395699e+02 9.639628754787652554e+01 8.588678148704256898e+01 8.186065279497154279e+01 7.273396577100092486e+01 6.460159098932398081e+01 5.720967250088914824e+01 5.493222983415713401e+01
1.298921515566547953e+02 1.292333344142133171e+02 1.255916702063333190e+02 1.157584516777750565e+02 1.057329857280741692e+02 9.190919984620406069e+01 8.662222836180508523e+01 7.459964627504371038e+01 6.379283004676327806e+01 5.376891439344696266e+01 5.059187660077650150e+01 1.299170638033448597e+02 1.292852056990026597e+02 1.257516853821624210e+02 1.161831048931505705e+02 1.064030437290675764e+02 9.290137174086305549e+01 8.773343008858768144e+01 7.598405494937436799e+01 6.543280697886510211e+01 5.567204205893087732e+01 5.259195958089600964e+01 1.299479073805891574e+02 1.293513577493475850e+02 1.259581364283215521e+02 1.167331854957196526e+02 1.072707098138260449e+02 9.418380809036280255e+01 8.916867149333698706e+01 7.777092620641793985e+01 6.755161185810823099e+01 5.813711664260858925e+01 5.518516432108827985e+01 1.299905971545010459e+02 1.294363687390088273e+02 1.262247331723739023e+02 1.174471434337963416e+02 1.083959095887958739e+02 9.584191010809914246e+01 9.102275353486825793e+01 8.007544962730479199e+01 7.028315227995764758e+01 6.131320662975179658e+01 5.852337111923789337e+01 1.300421169203478939e+02 1.295456223261561775e+02 1.265693714821732812e+02 1.183759390893129506e+02 1.098573818963170083e+02 9.798609165698034928e+01 9.341671109584994781e+01 8.304109016795662512e+01 7.378947357932524653e+01 6.537594901728684249e+01 6.278231465366717146e+01
1.465658292699710898e+02 1.459084448136113394e+02 1.421490773543934267e+02 1.316368101781721123e+02 1.204672234818110894e+02 1.048457417750180554e+02 9.884409293424191389e+01 8.518251587692077464e+01 7.289437261216932029e+01 6.149918245367268099e+01 5.788648089455251977e+01 1.465932397243761045e+02 1.459666179763391369e+02 1.423284836502288897e+02 1.321161229822667451e+02 1.212234153698921091e+02 1.059671001619426960e+02 1.001011332429043108e+02 8.675129066232136665e+01 7.475375586751302137e+01 6.365549597810749560e+01 6.015251212673549475e+01 1.466291811658199435e+02 1.460407436478891441e+02 1.425599501401927967e+02 1.327368836513134909e+02 1.222025420625603118e+02 1.074163216373257939e+02 1.017247731057410789e+02 8.877605950216882036e+01 7.715618834207236887e+01 6.644895829986229785e+01 6.309048368661469652e+01 1.466767292681515187e+02 1.461365848517412473e+02 1.428586498229340975e+02 1.335423089095249054e+02 1.234722828396654819e+02 1.092902793738417415e+02 1.038221665706994088e+02 9.138701126599154634e+01 8.025328993951168854e+01 7.005022413835290251e+01 6.687471777219087699e+01 1.467367561649485879e+02 1.462601009400914052e+02 1.432449007599344384e+02 1.345897650067941811e+02 1.251213585564416064e+02 1.117139089402593868e+02 1.065303093083411312e+02 9.474610698569112799e+01 8.422830254968266672e+01 7.465848730164296398e+01 7.170620481461121187e+01
1.653741949146465799e+02 1.647246625021506361e+02 1.608564106236495661e+02 1.496112805676245614e+02 1.371711414395444422e+02 1.195231684757519588e+02 1.127153085629308436e+02 9.720041259329170202e+01 8.323879208329883284e+01 7.029193336605354148e+01 6.618692368513144686e+01 1.654074135899789155e+02 1.647896439404493378e+02 1.610574387676549009e+02 1.501512789674513897e+02 1.380238687349732913e+02 1.207895050593863004e+02 1.141359341509953538e+02 9.897572099850816585e+01 8.534502656065743054e+01 7.273451347055285510e+01 6.875341773826518477e+01 1.654474436606942049e+02 1.648747080767010402e+02 1.613169409265207719e+02 1.508506852460039340e+02 1.391280150522683812e+02 1.224261677706587506e+02 1.159707700366848115e+02 1.012666933922841395e+02 8.806526816828362314e+01 7.589868838081008562e+01 7.208064179949086281e+01 1.654988490121983773e+02 1.649818217313612081e+02 1.616518004340619825e+02 1.517582749283536714e+02 1.405598011249735464e+02 1.245424945987353169e+02 1.183409478978096132e+02 1.042202514499595338e+02 9.157172826208062588e+01 7.997765781764000792e+01 7.636703225419223884e+01 1.655649366375081968e+02 1.651199349069692346e+02 1.620848450260411937e+02 1.529386911163064440e+02 1.424193522176477984e+02 1.272796989216372907e+02 1.214014449395700694e+02 1.080208960208655782e+02 9.607269596117451727e+01 8.519755818313147699e+01 8.184108939731926569e+01
1.865893818978460388e+02 1.859538860904392266e+02 1.819860904320389636e+02 1.699461895735270502e+02 1.560869781219878405e+02 1.361552201379644771e+02 1.284381195121795542e+02 1.108318914966134372e+02 9.498034890036117872e+01 8.028702087268145249e+01 7.562723072127288049e+01 1.866239240212726713e+02 1.860276158375107798e+02 1.822115312989106712e+02 1.705546731923074049e+02 1.570478862691450672e+02 1.375841561474911714e+02 1.300426722640447394e+02 1.128401702215035556e+02 9.736413258587400321e+01 8.305005098092738081e+01 7.853033673598811504e+01 1.866741156536724873e+02 1.861212162836530695e+02 1.825024068508901394e+02 1.713428131082202412e+02 1.582921010636417805e+02 1.394310575743068910e+02 1.321150835350327100e+02 1.154304581880216318e+02 1.004429021659512671e+02 8.663028099064172238e+01 8.229295182587125623e+01 1.867290777790682341e+02 1.862428432952698358e+02 1.828779867769740690e+02 1.723654754168827310e+02 1.599055060281428382e+02 1.418193749529369825e+02 1.347920399645245766e+02 1.187693368681012061e+02 1.044103842685519368e+02 9.124496087234513197e+01 8.714333763122168364e+01 1.868065007861037543e+02 1.863989112084813939e+02 1.833635958187451536e+02 1.736954278621326750e+02 1.620009276928867052e+02 1.449085550093760162e+02 1.382481041629116874e+02 1.230660840141137555e+02 1.095026968215775867e+02 9.715415277936625671e+01 9.334037803285370671e+01
2.105153803498778302e+02 2.099026691653890850e+02 2.058435206848665757e+02 1.929326491102970351e+02 1.774921396809544092e+02 1.549903113738371871e+02 1.462464602055195542e+02 1.262788995884794758e+02 1.082985889075889787e+02 9.163591139332260127e+01 8.635159718672487372e+01 2.105583919331881759e+02 2.099852080592741004e+02 2.060963219322527209e+02 1.936173827232059352e+02 1.785740418948857950e+02 1.566011286007178569e+02 1.480561164421161777e+02 1.285466079149399832e+02 1.109931171032918655e+02 9.475967080270284271e+01 8.963326037122993739e+01 2.106075692444230185e+02 2.100914876076166422e+02 2.064225185895195693e+02 1.945042872183971099e+02 1.799749902982117362e+02 1.586831708018333416e+02 1.503932677073267996e+02 1.314721433461247102e+02 1.144728319597650454e+02 9.880528559855152082e+01 9.388600219408954217e+01 2.106738919325310633e+02 2.102280497408000883e+02 2.068437287668063504e+02 1.956552702211516817e+02 1.817917553355615894e+02 1.613757205714376823e+02 1.534122423406508915e+02 1.352440117745676389e+02 1.189559951012457759e+02 1.040223752189902200e+02 9.936734745863799390e+01 2.107594779126461617e+02 2.104029778228206737e+02 2.073882538107054359e+02 1.971522912228140569e+02 1.841514785974619031e+02 1.648585822026128085e+02 1.573111856973841896e+02 1.400986956848410330e+02 1.247134395578198536e+02 1.107025403783161011e+02 1.063739040178647741e+02
2.375002022146061051e+02 2.369164764437532256e+02 2.327714430597704052e+02 2.188982449328103712e+02 2.016925227608357716e+02 1.762979408822964444e+02 1.663959498529397933e+02 1.437671407310054406e+02 1.233873336863199199e+02 1.045108338190661641e+02 9.852681507830375551e+01 2.375449793156551550e+02 2.370093248552904299e+02 2.330549902408390892e+02 2.196688510715948155e+02 2.029095625069291771e+02 1.781121056220156902e+02 1.684353113625576270e+02 1.463262654129862881e+02 1.264316754030454746e+02 1.080372753348288342e+02 1.022271035055783130e+02 2.376029120151478935e+02 2.371294175805830093e+02 2.334208008788770883e+02 2.206671577138339160e+02 2.044856588859341571e+02 1.804568983562784581e+02 1.710692649300526966e+02 1.496274993733983649e+02 1.303599706265682983e+02 1.126061116549833656e+02 1.070276105495227057e+02 2.376768506924167639e+02 2.372823719426835396e+02 2.338931518089609085e+02 2.219627459029434817e+02 2.065298001239623318e+02 1.834893906918060225e+02 1.744718997316728917e+02 1.538831208982322778e+02 1.354225237293072155e+02 1.184970424380933594e+02 1.132185912068568001e+02 2.377747678381495291e+02 2.374805706831349994e+02 2.345040428652231697e+02 2.236477804430945184e+02 2.091852827620740811e+02 1.874127730370375389e+02 1.788666970993818666e+02 1.593601767701809990e+02 1.419226027883950394e+02 1.260422351684908335e+02 1.211331460449150228e+02
2.679298137842208121e+02 2.673842315106210776e+02 2.631556565794761013e+02 2.482123053204619225e+02 2.290300061946950905e+02 2.003779740159075118e+02 1.891726772261171163e+02 1.635453452585650211e+02 1.404656466867272115e+02 1.191029042677293290e+02 1.123272486130199326e+02 2.679791172429942208e+02 2.674884432312737772e+02 2.634737535562411495e+02 2.490783004660147242e+02 2.303981718867290454e+02 2.024196493227803160e+02 1.914691092300831485e+02 1.664309281829773113e+02 1.438989038133993859e+02 1.230801539757621725e+02 1.165031767972171082e+02 2.680452370035297918e+02 2.676235291737238526e+02 2.638840518051136428e+02 2.502004215479000209e+02 2.321700584213499496e+02 2.050589127007286834e+02 1.944348521048438556e+02 1.701522603849813891e+02 1.483325143143667901e+02 1.282317851825437742e+02 1.219166737085394061e+02 2.681293213212633759e+02 2.677967471299832596e+02 2.644139423757661689e+02 2.516570200857381963e+02 2.344683280928271074e+02 2.084721888977786364e+02 1.982659621419637119e+02 1.749494154980578742e+02 1.540426995970565542e+02 1.348762678731908409e+02 1.288980753611099885e+02 2.682330809966430252e+02 2.680181317566733128e+02 2.650991375966716532e+02 2.535518695707463905e+02 2.374543616841806681e+02 2.128883373801931498e+02 2.032149344647583860e+02 1.811243356823468105e+02 1.613754650950948815e+02 1.433910346133725682e+02 1.378294385995870641e+02
3.022419049706779788e+02 3.017432925884941142e+02 2.974299576023572627e+02 2.812852033781726391e+02 2.598869954206484181e+02 2.275703391660989894e+02 2.148939747844213741e+02 1.858904215499691759e+02 1.597756942949967254e+02 1.356185461186155976e+02 1.279615696955195432e+02 3.022994406602664981e+02 3.018607613290631093e+02 2.977867841089096146e+02 2.822579574565648386e+02 2.614235235157306079e+02 2.298652990317755211e+02 2.174774964544883744e+02 1.891410001867389781e+02 1.636466929869111198e+02 1.401028510298146159e+02 1.326654575157770353e+02 3.023741405752276137e+02 3.020126348666300942e+02 2.982470540212564174e+02 2.835185900826211309e+02 2.634138087812845015e+02 2.328319951117252629e+02 2.208143662244054326e+02 1.933331715361928218e+02 1.686411601084653569e+02 1.459078063133616467e+02 1.387638824242315536e+02 3.024679764458272189e+02 3.022070091154168381e+02 2.988415467121927236e+02 2.851552627605767611e+02 2.659958431587553491e+02 2.366699709959351310e+02 2.251248966483974527e+02 1.987361461979966748e+02 1.750769448548025196e+02 1.533949318781947682e+02 1.466299756813897375e+02 3.025909180660087827e+02 3.024571247686964170e+02 2.996102139791285026e+02 2.872848602487201219e+02 2.693512930571044421e+02 2.416372068270343902e+02 2.306934398702793771e+02 2.056906875860505295e+02 1.833413443957673508e+02 1.629910030523845137e+02 1.566957437438515797e+02
3.409317735779997633e+02 3.404877903657022102e+02 3.360823940338067928e+02 3.185792481919515353e+02 2.946935359389991618e+02 2.582501204933092822e+02 2.439172410333991365e+02 2.111140361547140003e+02 1.815883747155185972e+02 1.543002433556270603e+02 1.456525408800986270e+02 3.410010446686812884e+02 3.406195913373557005e+02 3.364826908244476158e+02 3.196711068573910666e+02 2.964177210356636465e+02 2.608278774452605830e+02 2.468204584007454230e+02 2.147707558987006280e+02 1.859469725334058694e+02 1.593475535957768727e+02 1.509462435019459008e+02 3.410807636897480961e+02 3.407905323171518148e+02 3.369990435921603193e+02 3.210862531137982501e+02 2.986515326188504105e+02 2.641602638608326288e+02 2.505705734622212049e+02 2.194876242542150635e+02 1.915701787209308407e+02 1.658812481932519631e+02 1.578078442767062199e+02 3.411860473535062965e+02 3.410091387466515016e+02 3.376660315894090445e+02 3.229238108861302976e+02 3.015501669415650099e+02 2.684718829411481806e+02 2.554165802115782071e+02 2.255676389969298157e+02 1.988148090874541936e+02 1.743090330521898750e+02 1.666610881090307146e+02 3.413229749764668668e+02 3.412909050070813350e+02 3.385285641117380919e+02 3.253152636670739639e+02 3.053181670283873927e+02 2.740535901660326203e+02 2.616774171913689884e+02 2.333941606032195466e+02 2.081199954193421888e+02 1.851132655588781972e+02 1.779946774617803271e+02
3.845582513354530647e+02 3.841730216711068806e+02 3.796625112052622057e+02 3.606109301017229996e+02 3.339282118519299161e+02 2.928362788330611579e+02 2.766376511396264846e+02 2.395583002776335491e+02 2.062017726424408863e+02 1.754058616622238276e+02 1.656498286938418403e+02 3.846312979757660742e+02 3.843222417855931212e+02 3.801112062468017712e+02 3.618357492986779675e+02 3.358617674373933255e+02 2.957293381356338955e+02 2.798977958604667720e+02 2.436694367355631243e+02 2.111048305915612104e+02 1.810816243775660155e+02 1.716014306103294302e+02 3.847240767512531079e+02 3.845139989108446343e+02 3.806910302225420537e+02 3.634235388282953636e+02 3.383672240706257526e+02 2.994698874030727325e+02 2.841090747799234464e+02 2.489715854173213074e+02 2.174296432566027875e+02 1.884277741390937138e+02 1.793142374994303623e+02 3.848424257840259770e+02 3.847600840579383998e+02 3.814394493542121722e+02 3.654858243695491637e+02 3.416191451057311497e+02 3.043103127215741779e+02 2.895519323039155211e+02 2.558072829670173860e+02 2.255776714812562886e+02 1.979049111988188940e+02 1.892675704093483091e+02 3.849963756684355758e+02 3.850767053823122410e+02 3.824072696415030350e+02 3.681705495667106334e+02 3.458475875924049205e+02 3.105782949284640040e+02 2.965856562307487820e+02 2.646074510084541771e+02 2.360449237497870456e+02 2.100573812619253431e+02 2.020150608868980271e+02
4.337455403565658685e+02 4.334262388795077072e+02 4.287893465380426505e+02 4.079647224235927183e+02 3.781285582615424801e+02 3.317975302885168389e+02 3.134967893309254805e+02 2.716058455181951672e+02 2.339478501787143330e+02 1.992250686972643621e+02 1.882314135274954481e+02 4.338309107044559596e+02 4.335936566657755975e+02 4.292932601048253787e+02 4.093380856910692387e+02 3.802954822113335354e+02 3.350422389847510090e+02 3.171549738291215590e+02 2.762238511182796969e+02 2.394593594918493977e+02 2.056019431305199703e+02 1.949149085944991100e+02 4.339324115531964026e+02 4.338102555443380197e+02 4.299435208340401005e+02 4.111187195048397598e+02 3.831039785940754996e+02 3.392380598721920251e+02 3.218811271260194644e+02 2.821796100271817522e+02 2.465669538742816087e+02 2.138539115507946065e+02 2.035762365402000569e+02 4.340656596193083487e+02 4.340875005315048725e+02 4.307834063451434758e+02 4.134319867701767635e+02 3.867502562442415979e+02 3.446689347722277716e+02 3.279897898094230300e+02 2.898580000912713217e+02 2.557229921076645383e+02 2.244997996313680346e+02 2.147537602057924460e+02 4.342412857950527609e+02 4.344440005635397029e+02 4.318697276703620105e+02 4.164442962392245136e+02 3.914930907177221115e+02 3.517031288640552589e+02 3.358862871120175555e+02 2.997456018686741004e+02 2.674868321238949989e+02 2.381550455462003129e+02 2.290767137446067636e+02
4.892048144199435455e+02 4.889547457639146728e+02 4.841603229125413463e+02 4.612968008282868482e+02 4.278990572892055866e+02 3.756586612174683069e+02 3.549887343777718343e+02 3.076828243781183687e+02 2.651971338993346308e+02 2.260801862739068326e+02 2.137046326855828227e+02 4.892961137800821234e+02 4.891442095510359422e+02 4.847258944778765795e+02 4.628359468015597713e+02 4.303263723260212714e+02 3.792957297232280780e+02 3.590911749232168404e+02 3.128662707419981075e+02 2.713862820721518005e+02 2.332381616211781932e+02 2.212029415933496637e+02 4.894114453335853341e+02 4.893868280031045401e+02 4.854557565154829604e+02 4.648318857389034520e+02 4.334729985665347840e+02 3.839997857901850011e+02 3.643915084067230623e+02 3.195514964183907978e+02 2.793669641718790899e+02 2.424987291079671650e+02 2.309189638752544624e+02 4.895626603479469736e+02 4.896988723283716922e+02 4.863984384016482636e+02 4.674255458592360242e+02 4.375594201195791015e+02 3.900895591065149688e+02 3.712428777417355263e+02 3.281701924761817395e+02 2.896473872679188162e+02 2.544458101978403022e+02 2.434603080395035306e+02 4.897591585981736557e+02 4.901013469779309730e+02 4.876178342728614439e+02 4.708041441747249110e+02 4.428768232300091654e+02 3.979785484983510742e+02 3.801035112099904723e+02 3.392722206080743490e+02 3.028580766449828161e+02 2.697761959511250893e+02 2.595367788841639367e+02
5.517255587645209971e+02 5.515552980561418508e+02 5.465630914486539496e+02 5.213471162030483583e+02 4.839200207577283663e+02 4.250088915832871521e+02 4.016672557340263552e+02 3.482647180637337101e+02 3.003600173457243727e+02 2.563273405034720440e+02 2.424106716554086631e+02 5.518295071990337419e+02 5.517686803248200249e+02 5.471980135788875259e+02 5.230715703953740103e+02 4.866379170455389271e+02 4.290838629941002296e+02 4.062646151610715037e+02 3.540792109018053679e+02 3.073046792007093018e+02 2.643552499643865303e+02 2.508147434461353953e+02 5.519629416485731781e+02 5.520417204906785855e+02 5.480172250054613414e+02 5.253082457406261483e+02 4.901618997814104546e+02 4.343543128759727665e+02 4.122050784150214326e+02 3.615780093164332243e+02 3.162587841251511804e+02 2.747384867694481727e+02 2.617046248790131813e+02 5.521341630636920854e+02 5.523938378325424310e+02 5.490755738101469206e+02 5.282154985979868798e+02 4.947397861893525715e+02 4.411789103385183353e+02 4.198869739251446163e+02 3.712468270984339256e+02 3.277934916970805830e+02 2.881345953409240792e+02 2.757612686346151349e+02 5.523524238124348358e+02 5.528457367741044663e+02 5.504445244905424488e+02 5.320037886356692525e+02 5.006990891615556620e+02 4.500245842756589241e+02 4.298249834302789054e+02 3.837049451926550319e+02 3.426183113192510632e+02 3.053311345065457090e+02 2.937910925421032289e+02
6.222177664013959202e+02 6.221278372100211982e+02 6.168856479305401308e+02 5.889499791825954844e+02 5.469570774083732658e+02 4.805087917386998129e+02 4.541514988084483662e+02 3.938834060941810549e+02 3.398930793406677253e+02 2.903648058669738248e+02 2.747249545400993611e+02 6.223342504731676854e+02 6.223672450121936208e+02 6.175985437227793682e+02 5.908816923814414395e+02 5.499992729147522823e+02 4.850719265143407029e+02 4.593019393451195924e+02 4.004020275619633367e+02 3.476805427437020626e+02 2.993599615553750368e+02 2.841393072498580068e+02 6.224850947397416121e+02 6.226755429762220047e+02 6.185183798031996503e+02 5.933876829469290897e+02 5.539448979295691515e+02 4.909758495879697193e+02 4.659585956434716536e+02 4.088084018140665421e+02 3.577205282546000831e+02 3.109921527969337376e+02 2.963324544359439869e+02 6.226766899316734225e+02 6.230712807680191645e+02 6.197067443593697362e+02 5.966458983276543222e+02 5.590723991315782087e+02 4.986228633573584830e+02 4.745686154454909342e+02 4.196505256647852775e+02 3.706543839328675176e+02 3.260014808292488055e+02 3.120759205220630292e+02 6.229269556350101311e+02 6.235797041700088812e+02 6.212440822410364945e+02 6.008931823174870033e+02 5.657501399732021810e+02 5.085384582488238721e+02 4.857120300903421253e+02 4.336251210604206108e+02 3.872813866249382500e+02 3.452759830820562001e+02 3.322790109737571242e+02
7.016934474391974845e+02 7.016859557227415962e+02 6.961314105725006129e+02 6.650509073402466811e+02 6.178771025326261679e+02 5.429041120201743524e+02 5.131416654197834077e+02 4.451344998668774906e+02 3.843074491271107149e+02 3.286300261588917806e+02 3.110736905541058945e+02 7.018247080194244063e+02 7.019561087867041351e+02 6.969319886616926851e+02 6.672146403104993624e+02 6.212821119145027069e+02 5.480137598327313526e+02 5.189104879039866773e+02 4.524385889234220599e+02 3.930349718175491489e+02 3.387025735909185187e+02 3.216073416423673166e+02 7.019942206616826752e+02 7.023030689074072370e+02 6.979651395337822350e+02 6.700221799262420745e+02 6.256996609674112051e+02 5.546262996906299350e+02 5.263682256061310909e+02 4.618599590270215458e+02 4.042863984955531009e+02 3.517260831634634997e+02 3.352505525240007955e+02 7.022090114925764510e+02 7.027484938335417155e+02 6.992997654667251481e+02 6.736734814127291884e+02 6.314424168355551501e+02 5.631939253289228873e+02 5.360162255086169125e+02 4.740140156819203412e+02 4.187816196501839840e+02 3.685299727217370105e+02 3.528691572878765328e+02 7.024888448554468141e+02 7.033212571635534687e+02 7.010267839869909494e+02 6.784348874623867687e+02 6.389252137282023796e+02 5.743071043094312245e+02 5.485076957535837892e+02 4.896834439095639482e+02 4.374216832070315490e+02 3.901210032013490263e+02 3.754914172343352448e+02
7.913006861032392862e+02 7.913754380586590287e+02 7.854339141513875120e+02 7.507196847509700319e+02 6.976614336280302950e+02 6.130383640705285870e+02 5.794268069417989864e+02 5.026860721900441717e+02 4.341728606833258368e+02 3.716154441428437281e+02 3.519190584374671289e+02 7.914460701949079748e+02 7.916799553582009139e+02 7.863332712936997950e+02 7.531434908886329822e+02 7.014727078853389912e+02 6.187594189729724121e+02 5.858869379612644934e+02 5.108696027472689707e+02 4.439500036683740518e+02 3.828872479964829267e+02 3.637000186319477280e+02 7.916350994921673419e+02 7.920703458856976340e+02 7.874939045708472349e+02 7.562890986531083399e+02 7.064186660003122142e+02 6.261647939105387195e+02 5.942401707024182542e+02 5.214263112047923414e+02 4.565536641040305881e+02 3.974585250866926458e+02 3.789560699293926973e+02 7.918792071878793877e+02 7.925728476988155080e+02 7.889934752414104651e+02 7.603812426652148133e+02 7.128507996676258927e+02 6.357630176498047376e+02 6.050514045060143644e+02 5.350470149234762403e+02 4.727930592716317051e+02 4.162631257569028094e+02 3.986584156578978764e+02 7.921912520774328641e+02 7.932177628468298280e+02 7.909337865879310812e+02 7.657195424021932695e+02 7.212356549935309431e+02 6.482201775734017701e+02 6.190557272452657571e+02 5.526161795163931174e+02 4.936840671031069974e+02 4.404356598660464215e+02 4.239758827147656461e+02
8.923193973330178324e+02 8.924900151240636887e+02 8.860737888737700132e+02 8.471659038867658182e+02 7.874197579629334314e+02 6.918634747865096415e+02 6.538965733513086889e+02 5.672949590321285314e+02 4.901299258948980651e+02 4.198664259209395482e+02 3.977827482428803592e+02 8.924892530936248249e+02 8.928319788933938526e+02 8.870846804899841800e+02 8.498817077089181566e+02 7.916871077607077041e+02 6.982705982498831645e+02 6.611326759771307024e+02 5.764612492286054248e+02 5.010791392105417685e+02 4.324743727443260468e+02 4.109492995919358691e+02 8.927015922266563166e+02 8.932719255431015881e+02 8.883889882021356925e+02 8.534069366899581155e+02 7.972263479228403185e+02 7.065657453160616797e+02 6.704906093984752715e+02 5.882884977607347992e+02 5.151946565715533097e+02 4.487711212557690601e+02 4.279996651380839126e+02 8.929782279917762935e+02 8.938375530494496388e+02 8.900742706476147532e+02 8.579941997522680595e+02 8.044324301718239667e+02 7.173208930672160477e+02 6.826065403154852902e+02 6.035541978159404835e+02 5.333851788226648978e+02 4.698057048867080425e+02 4.500247206213679760e+02 8.933299292854674150e+02 8.945640740542273761e+02 8.922550011542787161e+02 8.639807314964812122e+02 8.138305811382599586e+02 7.312862579202255802e+02 6.983081109370738204e+02 6.232525573979473847e+02 5.567955006112788396e+02 4.968593640787550498e+02 4.783456845399277881e+02
1.006223883015409911e+03 1.006485468945440857e+03 9.994993920326541001e+02 9.557636819294845054e+02 8.884144315565540637e+02 7.804622636182054976e+02 7.375633668009694475e+02 6.398108395855731487e+02 5.528965711904381806e+02 4.739943146944305568e+02 4.492455967203582077e+02 1.006412127161256876e+03 1.006870749862009347e+03 1.000635452665954404e+03 9.588074671686669035e+02 8.931934032132531911e+02 7.876387368275641165e+02 7.456690380359138999e+02 6.500799572201842693e+02 5.651577286857137778e+02 4.880934273967063746e+02 4.639563896646139369e+02 1.006654061549723224e+03 1.007366277375545337e+03 1.002101652852211373e+03 9.627592542027803120e+02 8.993985523855802739e+02 7.969334947181149573e+02 7.561558623308243341e+02 6.633326860358160957e+02 5.809658701283839264e+02 5.063142900572083249e+02 4.830044889141780118e+02 1.006960941070760782e+03 1.008003573611294314e+03 1.003996259602795476e+03 9.679030872175583227e+02 9.074744410697845751e+02 8.089893611702912040e+02 7.697377653119713159e+02 6.804435971715799951e+02 6.013414828954520317e+02 5.298376533424420813e+02 5.076175891271124101e+02 1.007361960304729564e+03 1.008822856238353666e+03 1.006448290833753617e+03 9.746186844028103451e+02 9.180128937610039657e+02 8.246513821765438479e+02 7.873484572072421770e+02 7.025346878847249172e+02 6.275762058794382483e+02 5.601108532871731995e+02 5.392897453998949686e+02
1.134647781977844943e+03 1.135007792049818136e+03 1.127345952045753165e+03 1.078069364648306873e+03 1.002076238183158921e+03 8.800630390649363335e+02 8.315742423596608432e+02 7.212006829961608219e+02 6.232854220081812855e+02 5.346855594360056330e+02 5.069579046137870364e+02 1.134861964077813809e+03 1.135443236752573512e+03 1.128623456421403262e+03 1.081482332611764377e+03 1.007431057125396819e+03 8.881052335454161266e+02 8.406582498206593073e+02 7.327074998712048455e+02 6.370168111318566844e+02 5.504490859214286047e+02 5.233919538344127886e+02 1.135132155173243973e+03 1.136001436817893136e+03 1.130272261777650328e+03 1.085914263227551828e+03 1.014385740772291342e+03 8.985242658214003768e+02 8.524139611427129921e+02 7.475616364518463115e+02 6.547217601219068683e+02 5.708209370339277484e+02 5.446665384090505313e+02 1.135481072939947580e+03 1.136719373226853122e+03 1.132402932246343880e+03 1.091684599496658620e+03 1.023440616586250144e+03 9.120441618591174802e+02 8.676461049008885311e+02 7.667473349187841904e+02 6.775493818010412497e+02 5.971264478984336392e+02 5.721686305612223578e+02 1.135928420920449753e+03 1.137641491802164865e+03 1.135160693779464737e+03 1.099220991182801072e+03 1.035262784243319174e+03 9.296174304436319744e+02 8.874070256842553590e+02 7.915305349127418140e+02 7.069561199433622960e+02 6.310028020947819414e+02 6.075856238874663404e+02
1.279452529952028272e+03 1.279915734273369935e+03 1.271462114441839503e+03 1.215845514046584867e+03 1.130030811016088364e+03 9.920629606207706956e+02 9.372346857652770495e+02 8.125610745108260744e+02 7.022147382522600765e+02 6.027120035447040891e+02 5.716498991452111795e+02 1.279691244966100157e+03 1.280405501420246765e+03 1.272899120016152210e+03 1.219674346986641694e+03 1.136034254049775654e+03 1.001080502235712743e+03 9.474203998499588124e+02 8.254601064951970102e+02 7.175969581772216088e+02 6.203377454377665572e+02 5.900070731329610680e+02 1.279997717790313345e+03 1.281034647534821033e+03 1.274753898980960685e+03 1.224647224597024433e+03 1.143833591882954124e+03 1.012766759189327445e+03 9.606062125099277864e+02 8.421167795211914608e+02 7.374325833652470692e+02 6.431165162023249877e+02 6.137709199776190871e+02 1.280388241866301087e+03 1.281844183281404867e+03 1.277150873464336200e+03 1.231123611007954423e+03 1.153992106360606840e+03 1.027936626071438241e+03 9.776979817264642634e+02 8.636389126570444432e+02 7.630161281484574829e+02 6.725377600962374345e+02 6.445008992464385074e+02 1.280895861977362529e+03 1.282884160213531686e+03 1.280253603200060979e+03 1.239585262332562024e+03 1.167261486300343449e+03 1.047665925642576667e+03 9.998844773437575668e+02 8.914562233282962325e+02 7.959909268630919996e+02 7.104534132296548705e+02 6.841110081308935378e+02
1.442722582165032918e+03 1.443299877559644074e+03 1.433934543710299522e+03 1.371090520428165519e+03 1.274123484648213889e+03 1.118051738094935445e+03 1.056030294830336743e+03 9.151400998166161571e+02 7.907277174215201967e+02 6.789462394517336179e+02 6.441458914235793145e+02 1.442991229847818431e+03 1.443851834812782499e+03 1.435551520225047170e+03 1.375388245469512867e+03 1.280858657162556710e+03 1.128169865524333090e+03 1.067459084264431795e+03 9.296083392447113738e+02 8.079657017320622572e+02 6.986595171317127324e+02 6.646546836329591770e+02 1.443331632362626124e+03 1.444561535507036069e+03 1.437638656659059279e+03 1.380971154205324183e+03 1.289610943124729602e+03 1.141285235193606241e+03 1.082257531855140996e+03 9.482971110190836725e+02 8.302003158853278819e+02 7.241360289058820854e+02 6.912041704276899736e+02 1.443776299964919872e+03 1.445473335489814872e+03 1.440336097916641165e+03 1.388243884542132264e+03 1.301014202799345185e+03 1.158318264120159938e+03 1.101448998066233571e+03 9.724549689617036847e+02 8.588866547280850909e+02 7.570529184637319986e+02 7.255503287828902330e+02 1.444345245593253594e+03 1.446645101201403122e+03 1.443828105017937332e+03 1.397749469359351906e+03 1.315916906150494015e+03 1.180482982214094363e+03 1.126374957562762802e+03 1.003697043503070176e+03 8.958835363886395271e+02 7.995076511245738402e+02 7.698640072539269568e+02
1.626805620697990435e+03 1.627515733491786023e+03 1.617115850167784629e+03 1.546064416066515378e+03 1.436447734881870019e+03 1.259837649475731496e+03 1.189652919168540393e+03 1.030360329255781380e+03 8.900111266737015967e+02 7.643757150926198847e+02 7.253772123720546006e+02 1.627106406762845381e+03 1.628138089127485728e+03 1.618935925977866418e+03 1.550891322646354865e+03 1.444008528730644230e+03 1.271197849094156709e+03 1.202484481844108814e+03 1.046599402900814312e+03 9.093410582617946147e+02 7.864344650324999293e+02 7.482986307925461915e+02 1.627492792239637765e+03 1.628938062528773344e+03 1.621285135571290311e+03 1.557162728458223455e+03 1.453836286040209870e+03 1.285928526831431554e+03 1.219105527989310076e+03 1.067582176773272295e+03 9.342795229917758206e+02 8.149426321137235618e+02 7.779719250376283526e+02 1.627994132974449030e+03 1.629965753592104420e+03 1.624321594503174538e+03 1.565334256487748917e+03 1.466645527501239485e+03 1.305067326771072430e+03 1.240670134630742041e+03 1.094717806300812981e+03 9.664666548824119445e+02 8.517901015652538490e+02 8.163776340521667407e+02 1.628634183900559265e+03 1.631286207189275501e+03 1.628252697835926256e+03 1.576018100220304177e+03 1.483393786125701126e+03 1.329984213329890508e+03 1.268692830833702601e+03 1.129832190348322001e+03 1.008004256510922346e+03 8.993542642158435001e+02 8.659783886173833025e+02
1.834335693091335088e+03 1.835204490412912492e+03 1.823651404338733300e+03 1.743320120652737842e+03 1.619374273779139003e+03 1.419475396368300835e+03 1.340026052241946672e+03 1.159843256733920498e+03 1.001417990380589458e+03 8.601251350157282332e+02 8.164014240070829374e+02 1.834675061179704016e+03 1.835905500311227343e+03 1.825700431169161448e+03 1.748744458189428769e+03 1.627868353051750773e+03 1.432240489215365642e+03 1.354444749673778233e+03 1.178083711479185240e+03 1.023109104055077864e+03 8.848235328231222638e+02 8.420336040715280888e+02 1.835108968706208998e+03 1.836806421307770051e+03 1.828345412565636707e+03 1.755793105506453458e+03 1.638911336944708637e+03 1.448797413040183073e+03 1.373126840661822143e+03 1.201660946419326137e+03 1.051101697044916818e+03 9.167457145376852168e+02 8.752194205164455525e+02 1.835671335219819639e+03 1.837964013071645240e+03 1.831764107576482047e+03 1.764979395141744362e+03 1.653309270662647350e+03 1.470316966421705274e+03 1.397374981596857424e+03 1.232164802229486668e+03 1.087245114002357241e+03 9.580225033185414532e+02 9.181913231892141312e+02 1.836394357100875595e+03 1.839453277628835849e+03 1.836190522853054063e+03 1.776993754418028402e+03 1.672142980327373152e+03 1.498348160709419972e+03 1.428902493578465283e+03 1.271661222772850124e+03 1.133917907997127713e+03 1.011348671211938949e+03 9.737476616609891380e+02
2.068241768537342978e+03 2.069308536453996567e+03 2.056501426656457625e+03 1.965731216205371084e+03 1.825584647332297436e+03 1.599298593629550396e+03 1.509338671316266527e+03 1.305437336691939663e+03 1.126492257781328362e+03 9.674759448296238133e+02 9.184218282513132863e+02 2.068623350270001538e+03 2.070098321303334160e+03 2.058808501340202838e+03 1.971830020379712550e+03 1.835132988660767751e+03 1.613652784471993073e+03 1.525552188477493701e+03 1.325942655130579624e+03 1.150854016775977243e+03 9.951510913884430920e+02 9.471076173496124966e+02 2.069114949250321843e+03 2.071113495727066493e+03 2.061786571927716977e+03 1.979756260442285111e+03 1.847549804806974180e+03 1.632275699392260094e+03 1.546566798186301185e+03 1.352456304468024427e+03 1.182301136759185965e+03 1.030925818010744933e+03 9.842505370068053026e+02 2.069745297943402875e+03 2.072418155897660199e+03 2.065635996504488048e+03 1.990088382033196694e+03 1.863743463474997270e+03 1.656489397806317584e+03 1.573852651354768113e+03 1.386773664317046041e+03 1.222922061580404261e+03 1.077203187184619310e+03 1.032371256060760288e+03 2.070559119827010818e+03 2.074094713999633314e+03 2.070620436464989325e+03 2.003605149278356748e+03 1.884934618868185225e+03 1.688045078417012064e+03 1.609347713745433111e+03 1.431233978714944669e+03 1.275409577474314119e+03 1.137040950413140536e+03 1.094648275277562561e+03
2.331746644994162125e+03 2.333073395015299411e+03 2.318950838647790988e+03 2.216519132394264034e+03 2.058102138412576551e+03 1.801952623855223237e+03 1.700074446905915011e+03 1.469247638426133108e+03 1.266997579639841661e+03 1.087889902210304172e+03 1.032813930295023283e+03 2.332177568408758361e+03 2.333962513774009949e+03 2.321548028505376806e+03 2.223379375409690056e+03 2.068842244535247573e+03 1.818104515801934895e+03 1.718319934836038101e+03 1.492318199472112610e+03 1.294382855970871333e+03 1.118929426455657676e+03 1.064944976204225895e+03 2.332725522571692181e+03 2.335105039403689716e+03 2.324900758322669844e+03 2.232296330264187418e+03 2.082811269200164588e+03 1.839065533451395822e+03 1.741974547694448120e+03 1.522158054573011214e+03 1.329743136083021682e+03 1.159059590714124624e+03 1.106555587864374047e+03 2.333438425960931909e+03 2.336573664614013069e+03 2.329234729973058165e+03 2.243921968427801858e+03 2.101034686001147747e+03 1.866328517277940591e+03 1.772699983065329661e+03 1.560796848621233949e+03 1.375437106217098062e+03 1.210993090063106592e+03 1.160492087631115737e+03 2.334352485443616843e+03 2.338461639089228811e+03 2.334846710007170259e+03 2.259134798737241908e+03 2.124890793916509210e+03 1.901873055875692216e+03 1.812687514874511862e+03 1.610882069303321941e+03 1.434514855370979149e+03 1.278200206529184015e+03 1.230367248219271005e+03
2.628329229972562189e+03 2.630015571313200326e+03 2.614595903230545900e+03 2.499265995854906578e+03 2.320321197102596670e+03 2.030429933441287858e+03 1.915048961334090791e+03 1.653669882575233260e+03 1.424945797103261611e+03 1.223039964999610447e+03 1.161145883182575972e+03 2.628810728603232292e+03 2.631015179247506694e+03 2.617518445547413648e+03 2.506985046461194997e+03 2.332407452687449677e+03 2.048615964862280634e+03 1.935594563328430240e+03 1.679646979365333891e+03 1.455758511727652376e+03 1.257888540973243153e+03 1.197173750938974990e+03 2.629431833797218587e+03 2.632299960721662046e+03 2.621291167100526764e+03 2.517019354725392986e+03 2.348130609366868157e+03 2.072223008025809577e+03 1.962238203122095229e+03 1.713255965540420220e+03 1.495555061615616978e+03 1.302949851730491218e+03 1.243837872180559771e+03 2.630230691422787459e+03 2.633951617302431259e+03 2.626168102637528136e+03 2.530103817943903323e+03 2.368647472118451333e+03 2.102936112605731068e+03 1.996857398775217234e+03 1.756792355302308806e+03 1.547000934596148227e+03 1.361288782802273317e+03 1.304354469359280074e+03 2.631254925616241508e+03 2.636073499517704022e+03 2.632483501240699297e+03 2.547229299237545092e+03 2.395514549601735780e+03 2.142995335678763695e+03 2.041932036474698180e+03 1.813252984180320709e+03 1.613552047757700393e+03 1.436845893019486539e+03 1.382832903371688417e+03
2.961643981027721566e+03 2.963847805167072238e+03 2.947294859947110126e+03 2.817911479903978034e+03 2.616029140166319394e+03 2.288107697342986739e+03 2.157447007103186934e+03 1.861424254933501743e+03 1.602631259311002168e+03 1.374836750256161167e+03 1.305214643204715685e+03 2.962184011335265041e+03 2.964969337426563925e+03 2.950580252135091541e+03 2.826597417216544272e+03 2.629635863440248158e+03 2.308595255584707047e+03 2.180596293287777826e+03 1.890694962994281696e+03 1.637331065632591390e+03 1.414001608015669717e+03 1.345655410843393156e+03 2.962880022723510592e+03 2.966411078401038594e+03 2.954821284299166109e+03 2.837889582427467303e+03 2.647339071296464226e+03 2.335194803403799597e+03 2.210623179550358145e+03 1.928575887983670327e+03 1.682159510572013005e+03 1.464654854626582846e+03 1.398044793894011264e+03 2.963774785867615719e+03 2.968263106100690948e+03 2.960303595999680965e+03 2.852616133425286534e+03 2.670444595970638147e+03 2.369811207474413550e+03 2.249649777731593531e+03 1.977662551369310222e+03 1.740129884244096502e+03 1.530256499230623604e+03 1.466015072640967674e+03 2.964921215403270708e+03 2.970644477257622384e+03 2.967402704499977972e+03 2.871894321677116750e+03 2.700710305525747117e+03 2.414976912234764768e+03 2.300481929712398596e+03 2.041348799556528093e+03 1.815158145750442600e+03 1.615281449517256760e+03 1.554244821198145246e+03
3.335392373336465425e+03 3.338353835691977565e+03 3.321067994718147474e+03 3.176715650746622487e+03 2.949414859053465989e+03 2.578784840419309148e+03 2.430862498027267520e+03 2.095594737899537904e+03 1.802664745192705823e+03 1.545462350400621517e+03 1.467071419048254711e+03 3.335995622049384110e+03 3.339608133825613550e+03 3.324754836849163439e+03 3.186487234662132778e+03 2.964735431791372321e+03 2.601874147910288684e+03 2.456957459529973221e+03 2.128597973899842145e+03 1.841775962908619249e+03 1.589527287364380982e+03 1.512519610232173363e+03 3.336770469773569857e+03 3.341220747681998091e+03 3.329513863957592548e+03 3.199191548749146477e+03 2.984670808227506768e+03 2.631856927420037209e+03 2.490812074363882402e+03 2.171319104602462630e+03 1.892311153617908985e+03 1.646522878471818558e+03 1.571398423490091091e+03 3.337770128489158651e+03 3.343291652692970274e+03 3.335665550084985171e+03 3.215761142942268179e+03 3.010693951208317230e+03 2.670885214048469152e+03 2.534824538524959735e+03 2.226694441757071218e+03 1.957682523407404915e+03 1.720363062217506013e+03 1.647822457865667275e+03 3.339053895533554623e+03 3.345954175133639183e+03 3.343631132820640232e+03 3.237454760515572616e+03 3.044789164500836705e+03 2.721821835462592844e+03 2.592169031868975708e+03 2.298566414557559710e+03 2.042325156108852070e+03 1.816129580807788443e+03 1.747110028821477727e+03
3.753121681129789067e+03 3.757200868144445849e+03 3.739941030805046466e+03 3.580181373533390797e+03 3.325050529926234049e+03 2.906714383032962360e+03 2.739338612278747405e+03 2.359670890322305695e+03 2.028012011467186767e+03 1.737408429275041499e+03 1.649061375662457294e+03 3.753788531699261966e+03 3.758596734065922192e+03 3.744067080330248245e+03 3.591166535267918789e+03 3.342298396916927231e+03 2.932741668864036001e+03 2.768763678068451554e+03 2.396901618347567364e+03 2.072124529936741965e+03 1.787033989517376085e+03 1.700189444162436530e+03 3.754653616323500501e+03 3.760392013901127939e+03 3.749392751775844317e+03 3.605449014896765675e+03 3.364743895871143195e+03 2.966544877150946832e+03 2.806944948496010056e+03 2.445104854039781003e+03 2.129135792457090702e+03 1.851228539007099243e+03 1.766433712978285939e+03 3.755762024568718516e+03 3.762698067779824214e+03 3.756276247652967413e+03 3.624077748792156854e+03 3.394047321206054676e+03 3.010554003422644200e+03 2.856592781387899322e+03 2.507601808622745921e+03 2.202899665447481766e+03 1.934416474834823930e+03 1.852445789308936355e+03 3.757188930198751223e+03 3.765660560539784910e+03 3.765188518276682316e+03 3.648468758836095731e+03 3.432445675554416539e+03 3.068004302079902573e+03 2.921296080308865839e+03 2.588741699876768962e+03 2.298442486104402633e+03 2.042369149623365502e+03 1.964277703087850568e+03
4.218000832383650959e+03 4.223706865596647731e+03 4.207733512558179427e+03 4.032924953717446442e+03 3.747839502086432731e+03 3.276625130836506287e+03 3.087403672918232132e+03 2.657593175614334996e+03 2.282036497110118944e+03 1.953507390134498337e+03 1.853853123294075431e+03 4.218734130347349492e+03 4.225252855547445506e+03 4.212333081178517205e+03 4.045258251328189544e+03 3.767247814628354263e+03 3.305965131628738163e+03 3.120588952069731477e+03 2.699609388522828795e+03 2.331821327750300043e+03 2.009447136757826001e+03 1.911431350191489173e+03 4.219689190356933068e+03 4.227237685100393719e+03 4.218269294524734505e+03 4.061293291845067415e+03 3.792505343176315364e+03 3.344074409884363376e+03 3.163654950962999465e+03 2.754017525972246403e+03 2.396172755590928318e+03 2.081812016779259466e+03 1.986034202891137966e+03 4.220914954895280971e+03 4.229788974336886895e+03 4.225940997859261188e+03 4.082207560667318830e+03 3.825481620416933765e+03 3.393695913916138124e+03 3.219663332917022672e+03 2.824573264744318294e+03 2.479449711851229949e+03 2.175605681160398490e+03 2.082925540259570425e+03 4.222487653261079686e+03 4.233066483327136666e+03 4.235871892450795713e+03 4.109590419306678996e+03 3.868696164202341606e+03 3.458483174829846121e+03 3.292669578570111753e+03 2.916198088645404368e+03 2.587342759535977621e+03 2.297376683973238869e+03 2.208984284756692432e+03
4.732571342737898703e+03 4.740597242185651339e+03 4.727810754592334888e+03 4.539495051730623345e+03 4.222919994390962529e+03 3.693725914003017351e+03 3.480098020417518455e+03 2.993799924773477869e+03 2.568541333502292218e+03 2.196982401721824317e+03 2.084491419828322250e+03 4.733381862488266052e+03 4.742293289738001477e+03 4.732911639013092099e+03 4.553313386429940692e+03 4.244736428355987300e+03 3.726790577239680715e+03 3.517521510731566650e+03 3.041228776282352101e+03 2.624755336049312518e+03 2.260086320626770885e+03 2.149388707508791413e+03 4.734419751827678738e+03 4.744473102979778560e+03 4.739493739841575916e+03 4.571277893033570763e+03 4.273127422150560960e+03 3.769740187415235141e+03 3.566091284991221528e+03 3.102653303704888913e+03 2.697423672516121314e+03 2.341719595760594075e+03 2.233475075219294922e+03 4.735759732038059155e+03 4.747273395125364004e+03 4.747998422117962946e+03 4.594706455076172460e+03 4.310193783894362241e+03 3.825667940671770793e+03 3.629263524718822737e+03 3.182319648691885959e+03 2.791475121425628004e+03 2.447540178528242450e+03 2.342705446418907286e+03 4.737482500748372331e+03 4.750870608041916057e+03 4.759004817926806936e+03 4.625377330378020815e+03 4.358765988302156984e+03 3.898692809772396231e+03 3.711616474974202447e+03 3.285792747101566874e+03 2.913350914087039655e+03 2.584975543893257054e+03 2.484894112458026029e+03
5.298544697886743961e+03 5.309770712892101074e+03 5.302832999969229604e+03 5.104147842158712592e+03 4.755514121892991170e+03 4.163673570540102446e+03 3.922980029978856692e+03 3.373276631522558091e+03 2.891824953852586077e+03 2.471482168584367628e+03 2.344422409007842361e+03 5.299419417943552617e+03 5.311616727529125455e+03 5.308452680461117779e+03 5.119584194322386793e+03 4.779995736827784640e+03 4.200910624338353955e+03 3.965167167001945018e+03 3.426819858066684446e+03 2.955318658196400975e+03 2.542712697603411470e+03 2.417624774147015614e+03 5.300549696687246069e+03 5.313986803170629173e+03 5.315702853628835328e+03 5.139649284944372084e+03 4.811852199329832729e+03 4.249278716578741296e+03 4.019920324768076625e+03 3.496168403935357674e+03 3.037401929509797355e+03 2.634855196195887856e+03 2.512467901827201786e+03 5.302001310233483309e+03 5.317031484000959608e+03 5.325068234968363868e+03 5.165812468085041473e+03 4.853437045829022281e+03 4.312260677830542591e+03 4.091135646982483195e+03 3.586119878121723104e+03 3.143647294571946077e+03 2.754305750340405666e+03 2.635684587600841951e+03 5.303868426134520632e+03 5.320942494953238565e+03 5.337183779752980627e+03 5.200054474301680784e+03 4.907920719503864348e+03 4.394490911374510688e+03 4.183972307533774256e+03 3.702961613421174661e+03 3.281340602533789479e+03 2.909484326456270082e+03 2.796149779506899904e+03
5.916645984464236790e+03 5.932141609314817288e+03 5.934539741819606206e+03 5.730602178931407252e+03 5.350727966450153872e+03 4.692498138578402177e+03 4.422098760386410504e+03 3.801595993324297979e+03 3.256729718549137942e+03 2.781136425216899625e+03 2.637555859326277641e+03 5.917584715530130779e+03 5.934128754351034331e+03 5.940682889713857548e+03 5.747777715069088117e+03 5.378130867576079254e+03 4.734382060178491884e+03 4.469617504836619446e+03 3.862035063976035872e+03 3.328459669800594838e+03 2.861577056001295659e+03 2.720173685278748962e+03 5.918794384508828443e+03 5.936680889743897751e+03 5.948606166113157087e+03 5.770098478293653898e+03 5.413781633692093237e+03 4.788780671215001348e+03 4.531286456662426644e+03 3.940316625948001729e+03 3.421191244117090264e+03 2.965625024713127004e+03 2.827206129289538694e+03 5.920349340518837380e+03 5.939956045450942838e+03 5.958837251959837886e+03 5.799193955199585616e+03 5.460307099235695205e+03 4.859604048003717253e+03 4.611488880972234256e+03 4.041855691012283842e+03 3.541222153453907140e+03 3.100509331499473774e+03 2.966267400223017376e+03 5.922350142397303898e+03 5.944163872584917954e+03 5.972066610876040613e+03 5.837257683233534408e+03 5.521241537197992329e+03 4.952049912871054403e+03 4.716023717408007542e+03 4.173746707924694419e+03 3.696788322672833601e+03 3.275770935900000495e+03 3.147427769721536606e+03
6.586573097060451801e+03 6.607574795616266783e+03 6.623610578230557621e+03 6.421800902067837342e+03 6.013308382044297105e+03 5.286464469839534104e+03 4.983914624226310480e+03 4.284946475927135907e+03 3.668702880622806788e+03 3.130606051001092055e+03 2.968302759166771466e+03 6.587569075026942301e+03 6.609689229243170303e+03 6.630266068161598014e+03 6.440816004335589241e+03 6.043873710594874865e+03 5.333482932552948114e+03 5.037364778224413385e+03 4.353143131644638743e+03 3.749740097491187498e+03 3.221476637295048022e+03 3.061590420234188059e+03 6.588850146412314643e+03 6.612404885739674683e+03 6.638847320140735974e+03 6.465519291217869977e+03 6.083625916809730370e+03 5.394536891981110784e+03 5.106719509283438128e+03 4.441467231065535088e+03 3.854500534042418167e+03 3.339000360501731848e+03 3.182427102373528214e+03 6.590500711527404746e+03 6.615890569838904412e+03 6.649923079231933116e+03 6.497706260811857646e+03 6.135482283250948967e+03 5.473999824731731678e+03 5.196894767133755522e+03 4.556021577838782832e+03 3.990095649659473111e+03 3.491347423816197079e+03 3.339421854989467192e+03 6.592617551412728972e+03 6.620365378871856592e+03 6.664236387116663536e+03 6.539789140736098489e+03 6.203358284755160639e+03 5.577675127870517827e+03 5.314383356174505025e+03 4.704793302352212777e+03 4.165826322626623551e+03 3.689319697585668564e+03 3.543997008159628422e+03
7.307079175075368767e+03 7.334928660115178900e+03 7.369623488864071078e+03 7.179711042540043309e+03 6.747376472006797485e+03 5.951863626350706909e+03 5.615153370548121529e+03 4.830128230809834349e+03 4.133850085681136989e+03 3.525147236414807594e+03 3.341649948099362518e+03 7.308114459994248136e+03 7.337151967683353178e+03 7.376763504254165127e+03 7.200635160728702431e+03 6.781312820607220601e+03 6.004495226994215045e+03 5.675146212748068137e+03 4.907018366277143286e+03 4.225389893537128046e+03 3.627816567828161169e+03 3.447012644543636270e+03 7.309456507193146535e+03 7.340006824647563917e+03 7.385965931563983759e+03 7.227806670312700589e+03 6.825429110646561639e+03 6.072812206033375332e+03 5.752965606363311963e+03 5.006585601677076738e+03 4.343716441228446456e+03 3.760579348731492246e+03 3.583467149508014245e+03 7.311184978406369737e+03 7.343671897605200684e+03 7.397837216684409213e+03 7.263188765543500267e+03 6.882942576081252810e+03 6.161681554522610895e+03 5.854100697302637855e+03 5.135690493556515321e+03 4.496851627546298005e+03 3.932663753522183015e+03 3.760744220304982719e+03 7.313405235396094213e+03 7.348373057189679457e+03 7.413167785936157088e+03 7.309411356487265039e+03 6.958158650934530669e+03 6.277541245165557484e+03 5.985780955611632635e+03 5.303294623262359892e+03 4.695281517836772764e+03 4.156292092829055946e+03 3.991787210348641111e+03
8.076090341861875459e+03 8.112200380837189186e+03 8.171114190086292183e+03 8.005182425859133218e+03 7.556161307084195869e+03 6.694731876189770446e+03 6.322577381713345858e+03 5.444498174557907078e+03 4.658984075924226090e+03 3.970672784332895390e+03 3.763208217021362998e+03 8.077166614638495957e+03 8.114510442233810863e+03 8.178694579132325089e+03 8.028044688479492834e+03 7.593624376932847554e+03 6.753414240276327291e+03 6.389704311285422591e+03 5.531075829531998352e+03 4.762349306254965995e+03 4.086675052419441272e+03 3.882225131779195635e+03 8.078555851489410088e+03 8.117475883305421121e+03 8.188459750622348110e+03 8.057716299677498682e+03 7.642294747536182513e+03 6.829541772373437198e+03 6.476732881785114841e+03 5.643152832961427521e+03 4.895938307970511232e+03 4.236651560749364762e+03 4.036333072957441345e+03 8.080344617300915161e+03 8.121281642486525925e+03 8.201049303163375953e+03 8.096324527812871565e+03 7.705691955750461602e+03 6.928493547274483717e+03 6.589755826346604408e+03 5.788411726402532622e+03 5.068783719949925398e+03 4.431018276333305039e+03 4.236525457573164203e+03 8.082641989517117509e+03 8.126162362561579357e+03 8.217294252691226575e+03 8.146709152233433088e+03 7.788506169477087496e+03 7.057353820732078020e+03 6.736762594680397342e+03 5.976856332104393914e+03 5.292676225741920462e+03 4.683587535608831786e+03 4.497454123658873868e+03
8.891000894834767678e+03 8.936740593190164873e+03 9.025714856573771613e+03 8.897874805662888321e+03 8.441756525324344693e+03 7.520505301967264131e+03 7.112672487940811152e+03 6.135840147258092657e+03 5.251644175956746949e+03 4.473820990146185977e+03 4.239289004210068924e+03 8.892106073802406172e+03 8.939113035513762952e+03 9.033675351883275653e+03 8.922654125106668289e+03 8.482826035357811634e+03 7.585593981386584346e+03 7.187460312830390649e+03 6.233124098367203260e+03 5.368280248797468630e+03 4.604871155044104853e+03 4.373727963901167641e+03 8.893525544555808665e+03 8.942156577677082169e+03 9.043924941786550335e+03 8.954791424191942497e+03 8.536138946443757959e+03 7.669965134019474135e+03 7.284348693321896462e+03 6.358995021024075868e+03 5.518977210963559628e+03 4.774263427013576802e+03 4.547767926959827491e+03 8.895353515609798706e+03 8.946059866953150049e+03 9.057129704783113993e+03 8.996568443555705016e+03 8.605507152767244406e+03 7.779511492606727188e+03 7.410045688679644627e+03 6.522009126903784818e+03 5.713873926294515513e+03 4.993743823592611989e+03 4.773817947590906442e+03 8.897699237774846551e+03 8.951065231927721470e+03 9.074152476243070851e+03 9.051017610831948332e+03 8.695984485039625724e+03 7.921948039551842157e+03 7.573295566421609692e+03 6.733251231892269971e+03 5.966169723485330906e+03 5.278885692244772144e+03 5.068434318601138330e+03
9.748866709087806157e+03 9.805494299224606948e+03 9.930331614763625112e+03 9.856234667712273222e+03 9.404912858496014451e+03 8.433628612541220718e+03 7.991252390213806393e+03 6.912133037977543609e+03 5.920071067174459131e+03 5.042021236213788143e+03 4.776973560725298739e+03 9.749982836204771957e+03 9.807900555941441780e+03 9.938598727051185051e+03 9.882851051270481548e+03 9.449569537070536171e+03 8.505349261474986633e+03 8.074107305929073846e+03 7.021112893843872371e+03 6.051526816359847544e+03 5.190021566548228293e+03 4.928809056403789327e+03 9.751420337932253460e+03 9.810987577022129699e+03 9.949236693968665350e+03 9.917341582215216476e+03 9.507480172677589508e+03 8.598218210678878677e+03 8.181336072622447318e+03 7.162003187513775629e+03 6.221287215973629827e+03 5.381267700138851978e+03 5.125318234871981986e+03 9.753268989077396327e+03 9.814945646974174451e+03 9.962930959729925235e+03 9.962126426968861779e+03 9.582727539707291726e+03 8.718622138859014740e+03 8.320249588469974697e+03 7.344260522573604248e+03 6.440686420504650414e+03 5.628977693776947490e+03 5.380490486739405242e+03 9.755645238745142706e+03 9.820017750777324181e+03 9.980566362160181598e+03 1.002040390660740195e+04 9.680687568361650847e+03 8.874855521969408073e+03 8.500300671403207161e+03 7.580043003777789636e+03 6.724398117248265407e+03 5.950649024243042732e+03 5.712982137745339060e+03
1.064665227941025478e+04 1.071522340046727186e+04 1.088132140820076529e+04 1.087749174482791750e+04 1.044486441481400652e+04 9.437146872247103602e+03 8.963004799547052244e+03 7.781197502421792706e+03 6.673101172842832057e+03 5.683529367869836278e+03 5.384177776928292587e+03 1.064777005830138842e+04 1.071763690720256454e+04 1.088981001084618219e+04 1.090579623060850827e+04 1.049296498226774929e+04 9.515541260014704676e+03 9.054145291114598876e+03 7.902753766489537156e+03 6.820978849308309691e+03 5.850574045679792107e+03 5.555596299849342358e+03 1.064920922537081606e+04 1.072073221653569090e+04 1.090072559012582678e+04 1.094243742156500775e+04 1.055526403540126375e+04 9.616912914919181276e+03 9.171936146712403570e+03 8.059720551940771657e+03 7.011800897320009426e+03 6.066335898734776492e+03 5.777375405309562666e+03 1.065105594646320060e+04 1.072469907656529904e+04 1.091476493747156746e+04 1.098995003391642058e+04 1.063607761117173686e+04 9.748094601384334965e+03 9.324246764350969897e+03 8.262442114845849574e+03 7.258148189766073301e+03 6.345640324195035646e+03 6.065243662677020438e+03 1.065343723312646216e+04 1.072978100051146976e+04 1.093282354940753066e+04 1.105166112371298186e+04 1.074104088067570592e+04 9.917869233721687124e+03 9.521143118086143659e+03 8.524075213523199636e+03 7.576172135833868197e+03 6.708037882129831814e+03 6.440130390078164055e+03
1.158143094528340953e+04 1.166269805363024170e+04 1.187462667147194043e+04 1.195762280416037174e+04 1.155916050943909431e+04 1.053229838947439384e+04 1.003100363319162534e+04 8.750215791607792198e+03 7.519945941661681900e+03 6.407443317091035169e+03 6.069687337485340322e+03 1.158253762037377783e+04 1.166509389210253539e+04 1.188324225217274034e+04 1.198738700418229018e+04 1.161041116054844315e+04 1.061716690788688356e+04 1.013038602217907464e+04 8.885014048797931537e+03 7.685819492912272835e+03 6.595785851654408361e+03 6.263086186367229857e+03 1.158396404910746787e+04 1.166816395305934566e+04 1.189431287723567220e+04 1.202587196399026470e+04 1.167669032442066782e+04 1.072672266628802754e+04 1.025860516664736497e+04 9.058801140519011824e+03 7.899617735107186490e+03 6.838900428202891817e+03 6.513172884104422337e+03 1.158579283382829999e+04 1.167209905645440085e+04 1.190853797425229095e+04 1.207569506746869411e+04 1.176249292551501458e+04 1.086816428343823100e+04 1.042400474027465134e+04 9.282742493466748783e+03 8.175167110053810575e+03 7.153324493591413557e+03 6.837563971760674576e+03 1.158815792483969744e+04 1.167713709164418287e+04 1.192681148707800094e+04 1.214026373952007816e+04 1.187362541690359831e+04 1.105062496642667247e+04 1.063711083039896766e+04 9.570834440449450994e+03 8.530001443407469196e+03 7.560708371179529422e+03 7.259569172475316918e+03
1.255052049864837136e+04 1.264483132388044942e+04 1.290585125422960118e+04 1.309123485362245992e+04 1.274345454537901787e+04 1.171811466620705687e+04 1.119621075257270059e+04 9.825132326637281949e+03 8.469818357670044861e+03 7.223613626225025655e+03 6.843151319297327063e+03 1.255160632689752128e+04 1.264718400616656254e+04 1.291449186211784945e+04 1.312213659064199965e+04 1.279738005411451377e+04 1.180895662508243186e+04 1.130345004610733122e+04 9.973491802802098391e+03 8.655103189159142858e+03 7.435609462346627879e+03 7.061091312590419875e+03 1.255300613349467676e+04 1.265019965387756565e+04 1.292558587821204492e+04 1.316203629269794146e+04 1.286699291417923814e+04 1.192597679203584084e+04 1.144150528551842217e+04 1.016435608195256100e+04 8.893523030375936287e+03 7.708985263260807187e+03 7.342693287897294795e+03 1.255480369226099356e+04 1.265406089438776871e+04 1.293982546794108566e+04 1.321359294661651074e+04 1.295689174568084491e+04 1.207662277025639014e+04 1.161906553740708841e+04 1.040957673057843203e+04 9.200068851036825436e+03 8.062032350289125134e+03 7.707550418848196387e+03 1.255711851143102649e+04 1.265900588801038430e+04 1.295809153545304616e+04 1.328023413877509847e+04 1.307294143030025407e+04 1.227018927756604535e+04 1.184690035184297267e+04 1.072372716146090170e+04 9.593424484270095491e+03 8.518422473241993430e+03 8.181350466756204696e+03
1.355157533275978312e+04 1.365876162178270533e+04 1.397028245871228683e+04 1.427132829618333926e+04 1.399118499767805770e+04 1.299099986875839022e+04 1.245696925800550525e+04 1.100996038236509048e+04 9.531379158809286309e+03 8.142445045142814706e+03 7.714967347277653971e+03 1.355263625488640901e+04 1.366105072492708859e+04 1.397884119940210803e+04 1.430293438598625471e+04 1.404709071217036762e+04 1.308694766145994618e+04 1.257125573046008685e+04 1.117170471074177476e+04 9.737148519834317995e+03 8.380428947599655658e+03 7.960090708002860083e+03 1.355399766149852803e+04 1.366398341873249046e+04 1.398982015037942074e+04 1.434367594615474991e+04 1.411910296229047708e+04 1.321022710265577916e+04 1.271798978332193474e+04 1.137921987667669964e+04 1.000131282582179301e+04 8.686857927211796778e+03 8.276435143019527459e+03 1.355574645528731889e+04 1.366773945713103240e+04 1.400389576729303735e+04 1.439620265249420481e+04 1.421182807632650838e+04 1.336837719651947373e+04 1.290602560311800880e+04 1.164482909797912544e+04 1.033983867504428235e+04 9.081715583126720958e+03 8.685571845500589916e+03 1.355800585719703122e+04 1.367254620180352322e+04 1.402192323356982524e+04 1.446388965660374197e+04 1.433104643616372596e+04 1.357061055390881120e+04 1.314609254163220066e+04 1.198330907375483366e+04 1.077216240611601825e+04 9.590434695539952372e+03 9.215390208529264783e+03
