9.438272200860948757e-01 7.547935791561819485e-01 6.221260125844019218e-01 5.601476383877574960e-01 5.020521573887888334e-01 4.652340864799796583e-01 3.280908886434890093e-01 2.763558748103188689e-01 2.613982439276096859e-01 9.443300510758779742e-01 7.583880816952750514e-01 6.277861555978075936e-01 5.669391964957406493e-01 5.100577740396242676e-01 4.741462941324232072e-01 3.418138746800197247e-01 2.926514237395857476e-01 2.785925047732824567e-01 9.449590543713927149e-01 7.629230013825500922e-01 6.349611519011639782e-01 5.755067813668655052e-01 5.201553651599379879e-01 4.853845448399695672e-01 3.588787525736122364e-01 3.129468708786934394e-01 2.998134886443005187e-01 9.457431080616918173e-01 7.686123295894976559e-01 6.439660289882975786e-01 5.862600580258220395e-01 5.328264738497791031e-01 4.994815031084801071e-01 3.799056034689405337e-01 3.373840989560379366e-01 3.255228175837096005e-01 9.467154069474716938e-01 7.756801127390440254e-01 6.551825504475953243e-01 5.996561314107519136e-01 5.485579876889270512e-01 5.169178297901177999e-01 4.054797333743406784e-01 3.668258765178420422e-01 3.562224195121937442e-01
9.385672264943087928e-01 7.423084294485908785e-01 6.079352917636720033e-01 5.456526802962624600e-01 4.874945533257064034e-01 4.509427127362191090e-01 3.157350760680692758e-01 2.651418718408137254e-01 2.505283320039428108e-01 9.390966551011100671e-01 7.458880055940257936e-01 6.135232282486187128e-01 5.523145941326547126e-01 4.953550611576249540e-01 4.596722409186841940e-01 3.290418858088899889e-01 2.809436080686393278e-01 2.672256273796159154e-01 9.397601933648819239e-01 7.504129796513087092e-01 6.206030317715031108e-01 5.607521920956226591e-01 5.052777697636953169e-01 4.706907043383645739e-01 3.456198291071394535e-01 3.006311306054857413e-01 2.878041553672484598e-01 9.405884875929366729e-01 7.561053451113876056e-01 6.295289310458666021e-01 5.713742374639062538e-01 5.177530587903652615e-01 4.845315241806800177e-01 3.661296643046477728e-01 3.243858667100572024e-01 3.127533676681126806e-01 9.416149820371414458e-01 7.631926755787472594e-01 6.406657323884547006e-01 5.846108671634985265e-01 5.332725202287468269e-01 5.016765838035269764e-01 3.911297795319363391e-01 3.531099405650601764e-01 3.426488493397451540e-01
9.331505177333545564e-01 7.299344266271302617e-01 5.939894622206273178e-01 5.314209286230499041e-01 4.734224453918833286e-01 4.370500265253352556e-01 3.037854850190333522e-01 2.543938867053018860e-01 2.401864207479738889e-01 9.337035506512300076e-01 7.334883598595246523e-01 5.994936575606585327e-01 5.379567817552003417e-01 4.811044391343330950e-01 4.455910588009813766e-01 3.167046696418275298e-01 2.696627595226513963e-01 2.562583785133650816e-01 9.343994262269824658e-01 7.379916183471206814e-01 6.064805973660372107e-01 5.462557287634083325e-01 4.908351878755767839e-01 4.563848865868569415e-01 3.328059231947124719e-01 2.887126365528067118e-01 2.761472079487887754e-01 9.352698068220025585e-01 7.436699597793455796e-01 6.153115943098868001e-01 5.567407161422790463e-01 5.031108138959564657e-01 4.699710917267210797e-01 3.527764985879937032e-01 3.117775325940643771e-01 3.003946891487819792e-01 9.363492579929437731e-01 7.507654862109850447e-01 6.263529780347139031e-01 5.698257175734825486e-01 5.184114696310722081e-01 4.868547855404979363e-01 3.771890888711008083e-01 3.397485978774220650e-01 3.295174720317683437e-01
9.276482764136294579e-01 7.176912770813189679e-01 5.802856761935959451e-01 5.175746587093194018e-01 4.596756676401708153e-01 4.235095186861521088e-01 2.922004191111082227e-01 2.440193206142962368e-01 2.301666754704584095e-01 9.282244814305689040e-01 7.212154861738758749e-01 5.857143734934375789e-01 5.240013859686748487e-01 4.671996343240913396e-01 4.318555894357107849e-01 3.046886772151816136e-01 2.587325347163917932e-01 2.456916623749662298e-01 9.289505989069710701e-01 7.256910808208038022e-01 5.926044234511846920e-01 5.321580483636919601e-01 4.767386972008336721e-01 4.424171512043186816e-01 3.203349015209466799e-01 2.771410626816580014e-01 2.649224708792514704e-01 9.298608214639588754e-01 7.313546749519043155e-01 6.013234107401271844e-01 5.424802999156915773e-01 4.887931373942934199e-01 4.557355931834263241e-01 3.398215901259989957e-01 2.995669361995965674e-01 2.884177806988039716e-01 9.309931571250700255e-01 7.384512133991325555e-01 6.122673053518454811e-01 5.554099193126408318e-01 5.038586975348925412e-01 4.723449502302073943e-01 3.637005979370010467e-01 3.268717999854912626e-01 3.168020601628758759e-01
9.220576866855947351e-01 7.056745884658710555e-01 5.669343349375631780e-01 5.040482586112521313e-01 4.462458525914533292e-01 4.103646719033863244e-01 2.810387681644590518e-01 2.339624973137870156e-01 2.205248446901735548e-01 9.226562672194275061e-01 7.091687475896629733e-01 5.722807881717719702e-01 5.103570054131694178e-01 4.536206479070438724e-01 4.185193633291863780e-01 2.931749831356166847e-01 2.482103893041261444e-01 2.354801918394329174e-01 9.234095957001852151e-01 7.136062274080300361e-01 5.790766659919347470e-01 5.183814740845907876e-01 4.629848330077160901e-01 4.288559102968033665e-01 3.083716400191384155e-01 2.660626424707701054e-01 2.541029341724949098e-01 9.243562303297908622e-01 7.192280218671827097e-01 5.876828182017651558e-01 5.285508771284224139e-01 4.748320263725657187e-01 4.419367456330045574e-01 3.273280121311689661e-01 2.878499004334522660e-01 2.769419231156116101e-01 9.255407608875589887e-01 7.262932811942088840e-01 5.985154166098589634e-01 5.413047175249940945e-01 4.896701418692422370e-01 4.582691236103396126e-01 3.506492432823072880e-01 3.144389935378090750e-01 3.045721478348901168e-01
9.164328139675226303e-01 6.938690518191853451e-01 5.539068225972944015e-01 4.908817888746514480e-01 4.332784752832738451e-01 3.976370935190691736e-01 2.702877159958989584e-01 2.243774356650273250e-01 2.112774163788050941e-01 9.170529524555680601e-01 6.973276272392370245e-01 5.591528564300821680e-01 4.970712599336161719e-01 4.404941801201699425e-01 4.055984323890380883e-01 2.820436339129201442e-01 2.381226412824771765e-01 2.257304122248955935e-01 9.178349707676538571e-01 7.017290323787015449e-01 5.658453465291988227e-01 5.049473339259865634e-01 4.496665839999621217e-01 4.157122224031592483e-01 2.967895413471686727e-01 2.553949057900354314e-01 2.437272681110904671e-01 9.188182513807229279e-01 7.073142517197980039e-01 5.743510082660145954e-01 5.149566557724007954e-01 4.612950687176621267e-01 4.285232008028269646e-01 3.152350046364236213e-01 2.765402660789822442e-01 2.658448317759504187e-01 9.200453609583246761e-01 7.143518983388353893e-01 5.850524758836816996e-01 5.275495793848107295e-01 4.758962163368580245e-01 4.445773696520340379e-01 3.379645398703460257e-01 3.023945337768850772e-01 2.927202405658683726e-01
9.107891914875804185e-01 6.823060008577034319e-01 5.412099877470127884e-01 4.781194826920980301e-01 4.206841719771679533e-01 3.852837334901423882e-01 2.599052518448038418e-01 2.151578905779561457e-01 2.024277134945678402e-01 9.114280500338518554e-01 6.857250805063915822e-01 5.463721327018176144e-01 4.841865944312898629e-01 4.277355652985699308e-01 3.930645467408619420e-01 2.712697687823181214e-01 2.284221360447944438e-01 2.163347250625049234e-01 9.122344424381124695e-01 6.900828810208304853e-01 5.529547385332486131e-01 4.919239939652017002e-01 4.367148814111896926e-01 4.029631732107377129e-01 2.855885825644234322e-01 2.450748682926995603e-01 2.337087871270446537e-01 9.132510831366155157e-01 6.956295625985343678e-01 5.613400228161041783e-01 5.017620538363085636e-01 4.481375193356720299e-01 4.155227852408083233e-01 3.035842936890422172e-01 2.656099635089028133e-01 2.551576856273112259e-01 9.145237205097118682e-01 7.026363906909589563e-01 5.719257738413741077e-01 5.141799111263307687e-01 4.624998401725960440e-01 4.312803681719460380e-01 3.258008330262101571e-01 2.908131428982693167e-01 2.813287857157296679e-01
9.051667460358377992e-01 6.710524340837313861e-01 5.288809683286297414e-01 4.657001441595637337e-01 4.084891780001830841e-01 3.733744112453123987e-01 2.499398669469501677e-01 2.062518319161983915e-01 1.938868900376106985e-01 9.058247517576371033e-01 6.744310774238866379e-01 5.339616400533848672e-01 4.716542394536980543e-01 4.153941301602413483e-01 3.809746582481789434e-01 2.609681956905313682e-01 2.190631315295361037e-01 2.072946806408277332e-01 9.066566839487895102e-01 6.787479667888716151e-01 5.404451318095278012e-01 4.792530234306854875e-01 4.241918918488541967e-01 3.906535024352545959e-01 2.748570738053076057e-01 2.352031095662952820e-01 2.241077738872531977e-01 9.077045552736880962e-01 6.842432595284143604e-01 5.487085800740599817e-01 4.889391220037470065e-01 4.353920153589917463e-01 4.029510393273580404e-01 2.923564764313139608e-01 2.551409907074351224e-01 2.449121530001666658e-01 9.090191821380396719e-01 6.912003103561054074e-01 5.591688621150630034e-01 5.011772404281756854e-01 4.495284763082393331e-01 4.184339452241763735e-01 3.140207613151255739e-01 2.796646201120276953e-01 2.703614963442423358e-01
8.995816077922220710e-01 6.600836398573595165e-01 5.169219407432981139e-01 4.537222707627084906e-01 3.967052312651412338e-01 3.618583511589122947e-01 2.403488237428898222e-01 1.977560049335106984e-01 1.857270065327046582e-01 9.002566761648115312e-01 6.634287193438754837e-01 5.219108842811255311e-01 4.595657404838548454e-01 4.034631191633693548e-01 3.692724707606062085e-01 2.510309127210200719e-01 2.101218809761985495e-01 1.986617541334155801e-01 9.011111937668955241e-01 6.677026400541388185e-01 5.282889462533419955e-01 4.670280385345760288e-01 4.120834253498034117e-01 3.787345268191625314e-01 2.644959627331227581e-01 2.257219905746292721e-01 2.149023464944639084e-01 9.021875114130467610e-01 6.731540158823260400e-01 5.364423182837942949e-01 4.765445768567876939e-01 4.230716577200972495e-01 3.907893825017541567e-01 2.815177333495409995e-01 2.450442737073333377e-01 2.350330027281231082e-01 9.035407264903091429e-01 6.800663671740484473e-01 5.467709897506098926e-01 4.886040166013707053e-01 4.369611487800966199e-01 4.059887942294305163e-01 3.026574637670244039e-01 2.689075251845975401e-01 2.597898628328610959e-01
8.940695419069902838e-01 6.494530477689496317e-01 5.053660731310309906e-01 4.421119543603000412e-01 3.853358961693329476e-01 3.507511526821346926e-01 2.311285090288888178e-01 1.896015600035306503e-01 1.779244830999655858e-01 8.947599091604419019e-01 6.527561008896501926e-01 5.102738984591868032e-01 4.478397790220342012e-01 3.919479739693639830e-01 3.580015558813174348e-01 2.414674504212257211e-01 2.015170234434775498e-01 1.903677948414865539e-01 8.956358160003206059e-01 6.569860318446871794e-01 5.165543883840553185e-01 4.551678294399696956e-01 4.003945484503270702e-01 3.672562261322644961e-01 2.545522865723663930e-01 2.165953671911081124e-01 2.060393038622151118e-01 8.967428462159536817e-01 6.623846642411134189e-01 5.245765708107432701e-01 4.645391914108403797e-01 4.111820390191014973e-01 3.790716211174632866e-01 2.711294045679466524e-01 2.353658718799991334e-01 2.255807288532628574e-01 8.981352306455722134e-01 6.692445400716009463e-01 5.347820544933430398e-01 4.764291712737508955e-01 4.248483512684020358e-01 3.940007277838234456e-01 2.917432844888023236e-01 2.585921913663704053e-01 2.496576724563981942e-01
8.886478506804966759e-01 6.391642931244788661e-01 4.941996394257889280e-01 4.309579017776530296e-01 3.743702404141250328e-01 3.400511144747870307e-01 2.222917816987164119e-01 1.817740933297792016e-01 1.704095784826273052e-01 8.893542345015118533e-01 6.424311471158072884e-01 4.990227901440023595e-01 4.365786588726557338e-01 3.808403415758506716e-01 3.471346676114095975e-01 2.323099635023800902e-01 1.932909716324086591e-01 1.824264437405864192e-01 8.902511907077337305e-01 6.466177550214713410e-01 5.052018094557384487e-01 4.437726240790270671e-01 3.891162895768502383e-01 3.561931193376881022e-01 2.449899264390025810e-01 2.078682995432289127e-01 1.975792325797709470e-01 8.913848877682500893e-01 6.519671219247540339e-01 5.131142789658196257e-01 4.529780039950477288e-01 3.997027322965012730e-01 3.677690365167138320e-01 2.611242238798558990e-01 2.260749645823351972e-01 2.165039591288659970e-01 8.928114223065337640e-01 6.587766904821036329e-01 5.231913964005804329e-01 4.646941466335186566e-01 4.131383560011011591e-01 3.824273109198754739e-01 2.812400180255875126e-01 2.486676052364990286e-01 2.399035379245874067e-01
8.833418670401697037e-01 6.292368742904309586e-01 4.834532426204836142e-01 4.201906282931818226e-01 3.638344214697061263e-01 3.297840847101796147e-01 2.138028989367553034e-01 1.743000142382864492e-01 1.632552468126031997e-01 8.840630190987446291e-01 6.324655255202680237e-01 4.881995873944882658e-01 4.257066623562391627e-01 3.701673301155552487e-01 3.367090323266513918e-01 2.235146412421391282e-01 1.854080644506077291e-01 1.748364323935372167e-01 8.849782841213021944e-01 6.366067955575712700e-01 4.942832432198829284e-01 4.327772739313024974e-01 3.782795597861892678e-01 3.455703863728433189e-01 2.358314205352952386e-01 1.994897657105218491e-01 1.894524762621205838e-01 8.861372679928054552e-01 6.419061290792724694e-01 5.020794458194670629e-01 4.418305914530861189e-01 3.886687777809182398e-01 3.569070459781925053e-01 2.515288463440220057e-01 2.171705878995538186e-01 2.078016183180037280e-01 8.875991280294798225e-01 6.486634261471234675e-01 5.120207270044582204e-01 4.533720630581921096e-01 4.018895838718906099e-01 3.713026713288318237e-01 2.711430571826698999e-01 2.391548406572747698e-01 2.305706423068796251e-01
8.781702789739357362e-01 6.196798755566012007e-01 4.731224759228085941e-01 4.098605979607108374e-01 3.537096270907348350e-01 3.199110517788284480e-01 2.056865931726905017e-01 1.671340719296895705e-01 1.563952431768501905e-01 8.789059066000683984e-01 6.228748825886669671e-01 4.777865758929183415e-01 4.152692616776289536e-01 3.599149229785663651e-01 3.266813217248764611e-01 2.150837288004233405e-01 1.778691587163880039e-01 1.675623563603661770e-01 8.798405341499656585e-01 6.269752657000882134e-01 4.837774077395746164e-01 4.222135016382514983e-01 3.678729179273893535e-01 3.353504886274529806e-01 2.270439844201196655e-01 1.914840881562663022e-01 1.817000484679696659e-01 8.810235230364668046e-01 6.322223754509328497e-01 4.914622691525948883e-01 4.311206027491668591e-01 3.780693521336480623e-01 3.464669606023383364e-01 2.423287433702396021e-01 2.086420776573411628e-01 1.994708239691024287e-01 8.825173742956237133e-01 6.389292871839190591e-01 5.012863623900410959e-01 4.424976708739599141e-01 3.910723997181484446e-01 3.606103198177576519e-01 2.614781023578436336e-01 2.300336506432029970e-01 2.216082373518382664e-01
8.731567282584816736e-01 6.105152693145861065e-01 4.632143927226649582e-01 3.999506384005611648e-01 3.440190474044033664e-01 3.104598213350918678e-01 1.979057105567631203e-01 1.602969147989385668e-01 1.498539533668741819e-01 8.739046055629263732e-01 6.136765908191678109e-01 4.678037406056240743e-01 4.052635496281954963e-01 3.500962331747188849e-01 3.170769976184562022e-01 2.070255595999169751e-01 1.706532030721540083e-01 1.606245412434931519e-01 8.748562420829638642e-01 6.177332616040445146e-01 4.737022653602265265e-01 4.120931220821488772e-01 3.578924828588357365e-01 3.255616184248539824e-01 2.186439491349360387e-01 1.838198121523112738e-01 1.742729585518335289e-01 8.760627341210056596e-01 6.229383859129343781e-01 4.812816098082076111e-01 4.208615806622587052e-01 3.679041775119005209e-01 3.364626591803844269e-01 2.335077418431746321e-01 2.004867429600904194e-01 1.915065055395014648e-01 8.775867543609414678e-01 6.295936994164382794e-01 4.909903578875866592e-01 4.320817997331392601e-01 3.807006505287505171e-01 3.503657529385157954e-01 2.522032702058494835e-01 2.212954128368480045e-01 2.130404287633923255e-01
8.683134697395565871e-01 6.017380414287804014e-01 4.537506878255048726e-01 3.904760522058250971e-01 3.347301351859835461e-01 3.014138486443464493e-01 1.904734123828712711e-01 1.537613835197542966e-01 1.436011017652293331e-01 8.690741018788108452e-01 6.048693219888814365e-01 4.582652736008558936e-01 3.956960678573002710e-01 3.406875238187951904e-01 3.078888412484916959e-01 1.993055716674266564e-01 1.637704010328503712e-01 1.539913735654588056e-01 8.700419476390699458e-01 6.088904825169914048e-01 4.640780101806707969e-01 4.024082853760488354e-01 3.483475851151965341e-01 3.162062457748973099e-01 2.105983482492483627e-01 1.764970032962551172e-01 1.671907913050361405e-01 8.712708012238290500e-01 6.140468250527253424e-01 4.715498949262791895e-01 4.110371967237643753e-01 3.581829212759493619e-01 3.268916153739068742e-01 2.250848945549183411e-01 1.926893301346697673e-01 1.838910623192186455e-01 8.728240029775433673e-01 6.206559967503557651e-01 4.811352864840342525e-01 4.221026848775553675e-01 3.707775725520796040e-01 3.405524886317914390e-01 2.433299171051823973e-01 2.129477828622894087e-01 2.048478552267814223e-01
8.636572357782640319e-01 5.933666058443861635e-01 4.447121285659254020e-01 3.814265411291388186e-01 3.258674787257043737e-01 2.927646308517818929e-01 1.833710121096139567e-01 1.475285558206798631e-01 1.376434385797797866e-01 8.644304476253399372e-01 5.964628926785309204e-01 4.491621053286607435e-01 3.865563372453033608e-01 3.317110915683161299e-01 2.991027106296241245e-01 1.919478812112400956e-01 1.571908519691929684e-01 1.476660704834593385e-01 8.654137424920614885e-01 6.004463340414867289e-01 4.548913609698162497e-01 3.931636356322848469e-01 3.392267872447917720e-01 3.072609064035186077e-01 2.029130914512391748e-01 1.695107268983054027e-01 1.604214613193204464e-01 8.666627922330675249e-01 6.055639181609794308e-01 4.622651664591975185e-01 4.016627433019308580e-01 3.488974329363912497e-01 3.177525622722677801e-01 2.170282455760549067e-01 1.852379792932427882e-01 1.766255259310823000e-01 8.682441785133729883e-01 6.121252522566954513e-01 4.717421687717335277e-01 4.125804806801929847e-01 3.613072516930363465e-01 3.311890365909961331e-01 2.348573739333895960e-01 2.049696829746692206e-01 1.970167517021433889e-01
8.592002736359860560e-01 5.854013371402401189e-01 4.361054296654244822e-01 3.728076350176640075e-01 3.174165380198202824e-01 2.845189560444583154e-01 1.765934657091111915e-01 1.415827267951449142e-01 1.319616668454069996e-01 8.599840702647406632e-01 5.884711785407069629e-01 4.404912128770444024e-01 3.778517418240137093e-01 3.231464148140920090e-01 2.907292186209955442e-01 1.849184838516330920e-01 1.509253503020616116e-01 1.416387302714341712e-01 8.609828627262556822e-01 5.924212039027180188e-01 4.461446689773085339e-01 3.843519579276842846e-01 3.305324971993999217e-01 2.987339112837786304e-01 1.955901263453993233e-01 1.628409896252176747e-01 1.539678039426751188e-01 8.622529808066199397e-01 5.974970488266743152e-01 4.534233801188936042e-01 3.927301321020396641e-01 3.400455077369349266e-01 3.090296813150052446e-01 2.093365855293470024e-01 1.781389913405572734e-01 1.696880406838181254e-01 8.638633137193060252e-01 6.040182965778728708e-01 4.627979932569083465e-01 4.035093222716253369e-01 3.522750207698258085e-01 3.222534382984640344e-01 2.267676620066895743e-01 1.973507286858046106e-01 1.895414381740461451e-01
8.549518773081278278e-01 5.778521417187941767e-01 4.279413755729265523e-01 3.646206998474564864e-01 3.093812493670827779e-01 2.766710759350881066e-01 1.701362133035276003e-01 1.359167189145113475e-01 1.265507089381993633e-01 8.557473726534239322e-01 5.808960659041023655e-01 4.322659406502444845e-01 3.695831381393073212e-01 3.150059231798014725e-01 2.827602910574425477e-01 1.782191468110790877e-01 1.449534930750731032e-01 1.358961362604630962e-01 8.567619902053831282e-01 5.848126313268093845e-01 4.378436079696044203e-01 3.759878377024084006e-01 3.222707384729483482e-01 2.906160912476064562e-01 1.886099107725037749e-01 1.564904960112664944e-01 1.478265933242111085e-01 8.580518968762376186e-01 5.898488158440223783e-01 4.450378354631392419e-01 3.842519009761613535e-01 3.316318733130768637e-01 3.007351034253896160e-01 2.020099306181380727e-01 1.713650804850329334e-01 1.630826809878741790e-01 8.596872088528728639e-01 5.963317466863256033e-01 4.543078339531899101e-01 3.949003832612433817e-01 3.436850294082522406e-01 3.137598915577455294e-01 2.190526724127186686e-01 1.900924124137897409e-01 1.824202607445493396e-01
8.509229198049611531e-01 5.707096328141473274e-01 4.202080325414244144e-01 3.568569122699498664e-01 3.017524447361956130e-01 2.692252755948340015e-01 1.639936190301254926e-01 1.305284829309318884e-01 1.214028532312542569e-01 8.517291337893813097e-01 5.737294929732845716e-01 4.244750313098335504e-01 3.617464180956967978e-01 3.072817899995869961e-01 2.751922560166927267e-01 1.718429113999365987e-01 1.392665636648289240e-01 1.304288954870004291e-01 8.527567317821204140e-01 5.776164333020799013e-01 4.299864617670669520e-01 3.680618902613491672e-01 3.144271194078033793e-01 2.829051859088567156e-01 1.819625268111604577e-01 1.504495136101418606e-01 1.419781317319293579e-01 8.540639668919434158e-01 5.826205971987602483e-01 4.370959228641110861e-01 3.762125050523240644e-01 3.236437360535223684e-01 2.928541972403004845e-01 1.950360383382382101e-01 1.649166211069663379e-01 1.567911737709530573e-01 8.557251794788079957e-01 5.890644222210333902e-01 4.462749176390064521e-01 3.867366438520165595e-01 3.355407177201154001e-01 3.056862527393280904e-01 2.117142077152964208e-01 1.831815271378931798e-01 1.756375070349863177e-01
8.471142410521107502e-01 5.639787645796019433e-01 4.129069033365018182e-01 3.495208482849943010e-01 2.945323409993255703e-01 2.621567984601864132e-01 1.581471556999254069e-01 1.254035723289941284e-01 1.165058652985791199e-01 8.479302879242921476e-01 5.669751866784805694e-01 4.171233017790775266e-01 3.543407680308803265e-01 2.999697702421779133e-01 2.680205420409103034e-01 1.657825781120189912e-01 1.338591407286387203e-01 1.252359498629640466e-01 8.489720962979305785e-01 5.708362243620070942e-01 4.225724726866191272e-01 3.605708954579836534e-01 3.070059415592505392e-01 2.756027792002106458e-01 1.756497809831282786e-01 1.447026979268820346e-01 1.364176182873826637e-01 8.502983905063805636e-01 5.758097166869691197e-01 4.296060344028622691e-01 3.686198223772141347e-01 3.160853337626329251e-01 2.853934410384371678e-01 1.884070087634446833e-01 1.587847294024894718e-01 1.508116220824994580e-01 8.519819722247902183e-01 5.822187682877729697e-01 4.386981841220644607e-01 3.790294440972553081e-01 3.278294918923022050e-01 2.980422026539168434e-01 2.047426775715356917e-01 1.766113174145519937e-01 1.691862256501069361e-01
8.435332458912251363e-01 5.576565397415408354e-01 4.060372882540681516e-01 3.425985286710674926e-01 2.877071542451244968e-01 2.554770658188925680e-01 1.525983656315508530e-01 1.205361189312083997e-01 1.118565104387582582e-01 8.443590564618388417e-01 5.606320296138090908e-01 4.102058971554624622e-01 3.473535924245729767e-01 2.930627797596800921e-01 2.612363141749866613e-01 1.600299014072422699e-01 1.287256386358221760e-01 1.203015521242334351e-01 8.454126055947283058e-01 5.644686044247770873e-01 4.155948117450446455e-01 3.535074141197714903e-01 2.999913583452646915e-01 2.686949636758014792e-01 1.696543384602434423e-01 1.392499159004985665e-01 1.311348758943345905e-01 8.467562072477864410e-01 5.694140995074726819e-01 4.225557505082337961e-01 3.614621462636875560e-01 3.089529356057584275e-01 2.783369339754890870e-01 1.821127536345007181e-01 1.529603412766325776e-01 1.451338345307936761e-01 8.484626654812235103e-01 5.757953869266498881e-01 4.315690300850069661e-01 3.717635700318164815e-01 3.205513789332437025e-01 2.908172598192407809e-01 1.981279205491630613e-01 1.703699423152794934e-01 1.630580288183639259e-01
8.401768411682626336e-01 5.517392517836826604e-01 3.995890897121819330e-01 3.360970851104564394e-01 2.812810125274511353e-01 2.491739257922366557e-01 1.473367803526998421e-01 1.159169776141664027e-01 1.074459303759155993e-01 8.410121113670255832e-01 5.546974127382284792e-01 4.037112546704141325e-01 3.407927689007660410e-01 2.865551247182341887e-01 2.548380110446369362e-01 1.545749699416687495e-01 1.238557811053517255e-01 1.156182920097103967e-01 8.420781291459369378e-01 5.585113066276529148e-01 4.090465723390692143e-01 3.468698545802447741e-01 2.933883347604278602e-01 2.621804264061392553e-01 1.639714418205704127e-01 1.340779174859698109e-01 1.261240555166770472e-01 8.434368071541116230e-01 5.634304625138055744e-01 4.159447777083207232e-01 3.547362178041293945e-01 3.022315144343220017e-01 2.716834589615059747e-01 1.761497057329469984e-01 1.474349273795276527e-01 1.397453356499165356e-01 8.451661231946765440e-01 5.697862555062357393e-01 4.248862154868818797e-01 3.649359906452624980e-01 3.137042994116237549e-01 2.840120270603214148e-01 1.918626419726403298e-01 1.644511031216225883e-01 1.572463068271301445e-01
8.370451875792170870e-01 5.462173327441123272e-01 3.935538665924154800e-01 3.299978156010210384e-01 2.752395604216145153e-01 2.432394925977283962e-01 1.423564995317959381e-01 1.115396438121436240e-01 1.032660650127102953e-01 8.378890329431484263e-01 5.491576820945911486e-01 3.976383847624272438e-01 3.346388685492932002e-01 2.804423406975362631e-01 2.488156330178415698e-01 1.494116871903296839e-01 1.192399337411200466e-01 1.111808890835006974e-01 8.389673921956848357e-01 5.529539476685593202e-01 4.029223814232881229e-01 3.406491935136974902e-01 2.871823370108561591e-01 2.560476449480102445e-01 1.585962743221561444e-01 1.291791845411569828e-01 1.213724351381168798e-01 8.403421068221813561e-01 5.578522234893000808e-01 4.097642400331922841e-01 3.484361792861008222e-01 2.959233861750819039e-01 2.654275110419253014e-01 1.705090885400633582e-01 1.422007342052166723e-01 1.346405259873496574e-01 8.420915868695184603e-01 5.641823330140336434e-01 4.186381169652211853e-01 3.585467614222155874e-01 3.072777083000462484e-01 2.776131557451755882e-01 1.859405770780293843e-01 1.588473292557001926e-01 1.517417891704948840e-01
8.341339278948428637e-01 5.410820672727449931e-01 3.879293735067973481e-01 3.242971758938442139e-01 2.695786669010306058e-01 2.376656555414880523e-01 1.376485916840164414e-01 1.073987776679624639e-01 9.930825073510714252e-02 8.349859411529926279e-01 5.440076251368757276e-01 3.919773006591243947e-01 3.288869419862242016e-01 2.747139387348416784e-01 2.431630864425831928e-01 1.445338200049293975e-01 1.148712180443728775e-01 1.069808187561562263e-01 8.360750724608613238e-01 5.477866040618172283e-01 3.972154168168969268e-01 3.348388951978519268e-01 2.813746980997418601e-01 2.502974508922679031e-01 1.535175174452512448e-01 1.245481555560685738e-01 1.168794620202575074e-01 8.374642133564740298e-01 5.526643274072043921e-01 4.040013213571704842e-01 3.425518233868215523e-01 2.900155293396893819e-01 2.595580772573108930e-01 1.651849497194917693e-01 1.372490003450632101e-01 1.298106922191686330e-01 8.392335474479307722e-01 5.589763645963730099e-01 4.128163943746889775e-01 3.525818047943107270e-01 3.012589702717148876e-01 2.716098842888836629e-01 1.803523480726982597e-01 1.535513966201382530e-01 1.465354293553481069e-01
8.314350158314940398e-01 5.363219221181950713e-01 3.826978619614985200e-01 3.189880725479908308e-01 2.642903306337547331e-01 2.324501867255015231e-01 1.332060906819931001e-01 1.034847112116684953e-01 9.556710893222011838e-02 8.322949812459058405e-01 5.392364207098439000e-01 3.867119437668107840e-01 3.235307701685707360e-01 2.693629812037021676e-01 2.378717144211010825e-01 1.399344161511478501e-01 1.107421745601694929e-01 1.030100193761756405e-01 8.333947324517009259e-01 5.429992060704227352e-01 3.919113919735914831e-01 3.294253716080566829e-01 2.759486980323090366e-01 2.449158046867706273e-01 1.487279878346636774e-01 1.201770035948385718e-01 1.126379826400388806e-01 8.347980085775918990e-01 5.478611973498712651e-01 3.986515095066248682e-01 3.370733133244270818e-01 2.845028497018800007e-01 2.540697002212815581e-01 1.601674769226966444e-01 1.325712322854480096e-01 1.252495469012590568e-01 8.365856994065935526e-01 5.541533082744515282e-01 4.074112810004190122e-01 3.470277777710737421e-01 2.956478462473917657e-01 2.660013148599466026e-01 1.750939676122113542e-01 1.485544518412101889e-01 1.416215940535148765e-01
8.289390086100525412e-01 5.319229155368069284e-01 3.778497628970303723e-01 3.140556587957771262e-01 2.593632481015616387e-01 2.275790525906199180e-01 1.290236451660869144e-01 9.978988632347904342e-02 9.203589597781697274e-02 8.298063664709230958e-01 5.348260862504342628e-01 3.818331982553481163e-01 3.185574341721969516e-01 2.643805378742483669e-01 2.329348685020323217e-01 1.356048541646232286e-01 1.068447036253034471e-01 9.925998489300966177e-02 8.309158581335251981e-01 5.385755937687073391e-01 3.869972894439716038e-01 3.244020256410621861e-01 2.708991158691752554e-01 2.398967325694413566e-01 1.442227888412122572e-01 1.160543061494073436e-01 1.086388533002347473e-01 8.323322774646013666e-01 5.434221973849279186e-01 3.936943268497506421e-01 3.319891539301516592e-01 2.793715420887785683e-01 2.489514489143901943e-01 1.554488668557822695e-01 1.281596359993489864e-01 1.209485217128654505e-01 8.341377507774445643e-01 5.496990953270342040e-01 4.024090607757117022e-01 3.418776550588826235e-01 2.904257096029037588e-01 2.607750221875498875e-01 1.701514334191447653e-01 1.438476780845717728e-01 1.369910326841081438e-01
8.266378517042581864e-01 5.278695941332982589e-01 3.733707328548366844e-01 3.094879270037541596e-01 2.547878583686243315e-01 2.230478800334428635e-01 1.250933831673869401e-01 9.630995025948256572e-02 8.870700672429053524e-02 8.275122162368402368e-01 5.307628120430565311e-01 3.773294340899316923e-01 3.139536112742103424e-01 2.597548642772968819e-01 2.283390606270972178e-01 1.315374855776775820e-01 1.031757539433190707e-01 9.572522025601189199e-02 8.286306808384514833e-01 5.345015959139914896e-01 3.824599884721499587e-01 3.197521838656315341e-01 2.662124358112404332e-01 2.352280459099257703e-01 1.399922251209748114e-01 1.121738871087543110e-01 1.048736378606638653e-01 8.300595312951554172e-01 5.393347911555715912e-01 3.891194763041480043e-01 3.272863446450443581e-01 2.746133216010502864e-01 2.441945284391040527e-01 1.510242890024496298e-01 1.240073533433521252e-01 1.168992843728400705e-01 8.318807224758713037e-01 5.455999106178406333e-01 3.977902620337060435e-01 3.371142818410539643e-01 2.855861782855514952e-01 2.559188773889741197e-01 1.655204141357492498e-01 1.394276067331596258e-01 1.326348236429096550e-01
8.245189828123513642e-01 5.241443657565877379e-01 3.692463497651475302e-01 3.052720587474016534e-01 2.505543848113730987e-01 2.188419910646028921e-01 1.214065991734632616e-01 9.303632318274421276e-02 8.557540955250653170e-02 8.253999100808319112e-01 5.270293325500459147e-01 3.731815147229508023e-01 3.097062352782148364e-01 2.554734378406693374e-01 2.240782629742099630e-01 1.277267212225314807e-01 9.972498706100338395e-02 9.239869078397537627e-02 8.265265961914132209e-01 5.307574310222595848e-01 3.782828561567019299e-01 3.154642745976486418e-01 2.618767645324109883e-01 2.308982260659829255e-01 1.360301261255934813e-01 1.085271985785965926e-01 1.013339393570197311e-01 8.279659388609359461e-01 5.355802858527358712e-01 3.849075811329929486e-01 3.229505069706811171e-01 2.702126197585931200e-01 2.397872371072797826e-01 1.468845902771480083e-01 1.201073628868833953e-01 1.130946936273777570e-01 8.298006892383347211e-01 5.418344081182200345e-01 3.935415516842161177e-01 3.327251453066721321e-01 2.811137639491763096e-01 2.514219043663393216e-01 1.611910463265774085e-01 1.352848236647994640e-01 1.285482831069161558e-01
8.225680858655608496e-01 5.207288278636421630e-01 3.654592391645495320e-01 3.013948926335858203e-01 2.466458278363166667e-01 2.149531064206695319e-01 1.179585436980585406e-01 8.996356327053448010e-02 8.263336934309745141e-02 8.234543679610071276e-01 5.236054772110305677e-01 3.693713987555737877e-01 3.057982924954769643e-01 2.515272650983297331e-01 2.201395010974070421e-01 1.241638718353690329e-01 9.648711792220628081e-02 8.927445360537071550e-02 8.245879546404933924e-01 5.273249343177415227e-01 3.744483469939924314e-01 3.115186619028798565e-01 2.578787629054096753e-01 2.268976880164120802e-01 1.323284281672379159e-01 1.051073549508664828e-01 9.801393020561409430e-02 8.260377963458447326e-01 5.321392919515638420e-01 3.810443494962187372e-01 3.189653818296180887e-01 2.661595357400408091e-01 2.357164242945458399e-01 1.430208450932395903e-01 1.164533047451954129e-01 1.095279558089046618e-01 8.278878018151577534e-01 5.383827290712303038e-01 3.896442173282372856e-01 3.286910235402888958e-01 2.769940728805721508e-01 2.472722519540593022e-01 1.571554114428842797e-01 1.314114649681066282e-01 1.247214937314874983e-01
8.207709591769376534e-01 5.176019645640296263e-01 3.619882602328718946e-01 2.978373968518752690e-01 2.430526219125546672e-01 2.113668612395505353e-01 1.147390924668181406e-01 8.708221165341813175e-02 7.987362512199182307e-02 8.216629815506949486e-01 5.204717370484239769e-01 3.658837199844702792e-01 3.022135078043477474e-01 2.478974574376671680e-01 2.165097500443277090e-01 1.208436611718134435e-01 9.345677066174044867e-02 8.634541181976142232e-02 8.228044686316451362e-01 5.241823990665036570e-01 3.709356650680125655e-01 3.079021795512505433e-01 2.542042458800487514e-01 2.232125506441850205e-01 1.288805087571173458e-01 1.019073616869964755e-01 9.490397288010266053e-02 8.242630058212969679e-01 5.289883549763052528e-01 3.775071846682271914e-01 3.153120033687863422e-01 2.624346693656005036e-01 2.319699294805599721e-01 1.394280544442226821e-01 1.130377187116834298e-01 1.061923535820254866e-01 8.261244570671854026e-01 5.352238130406012928e-01 3.860753801533457485e-01 3.249954729499585082e-01 2.732101793628635700e-01 2.434531841410194908e-01 1.534037109483530614e-01 1.277993211530319972e-01 1.211473058520533830e-01
8.191146301409624186e-01 5.147408697379102227e-01 3.588155412749208795e-01 2.945821095154403935e-01 2.397573094027627971e-01 2.080722121793977530e-01 1.117451673356063685e-01 8.438730815261255569e-02 7.728884572076830106e-02 8.200106977795799112e-01 5.176050462487928883e-01 3.626952649518246918e-01 2.989354529227928325e-01 2.445694413327444416e-01 2.131752918427396726e-01 1.177568820467359556e-01 9.062625388434970841e-02 8.360694141050858952e-02 8.211581705796918706e-01 5.213088449348307618e-01 3.677272474049565476e-01 3.045934361140535951e-01 2.508366604111145204e-01 2.198279088908370038e-01 1.256776091562774034e-01 9.892117068762625032e-02 9.199840951923708710e-02 8.226255894234875132e-01 5.261084551070571713e-01 3.742752486349650853e-01 3.119719992843141276e-01 2.590234168118573099e-01 2.285336255119408688e-01 1.360975303305075879e-01 1.098557169782977544e-01 1.030795560271372674e-01 8.244979317158079857e-01 5.323352795195810394e-01 3.828185979725276522e-01 3.216173556296153535e-01 2.697474087215834260e-01 2.399522695337800715e-01 1.499282555506208925e-01 1.244382603088864392e-01 1.178183194072402046e-01
8.175813607910150660e-01 5.121242894724057360e-01 3.559226959544542490e-01 2.916106211780033486e-01 2.367450185509012983e-01 2.050544402613850570e-01 1.089675095315285752e-01 8.187478867331662857e-02 7.487655500587961366e-02 8.184821756046288810e-01 5.149835670182578706e-01 3.597852174992928753e-01 2.959434428807588002e-01 2.415280971702379043e-01 2.101218038356202078e-01 1.148965374417530855e-01 8.799028129161071132e-02 8.105286512143088096e-02 8.196348215573640017e-01 5.186809679210030444e-01 3.647991275381510801e-01 3.015759478881461231e-01 2.477601794877272445e-01 2.167316880955336422e-01 1.227117465258907858e-01 9.614147238817555285e-02 8.929032373141215784e-02 8.211097727089962106e-01 5.234736644200391753e-01 3.713278647415596545e-01 3.089255386307317441e-01 2.559087075515683596e-01 2.253888381222917681e-01 1.330209242962922811e-01 1.069008736622484024e-01 1.001840276494687376e-01 8.229918512340385073e-01 5.296934920763763932e-01 3.798465339541941543e-01 3.185372567962467261e-01 2.665865294090693505e-01 2.367514154583678920e-01 1.467180832048468053e-01 1.213202122842382685e-01 1.147272331426100189e-01
8.161562773282250438e-01 5.097293199460961599e-01 3.532840023624954084e-01 2.889035686093479605e-01 2.339981035479098137e-01 2.022986971729395511e-01 1.063999104463096701e-01 7.953741998029759119e-02 7.262884766136175341e-02 8.170608650084426605e-01 5.125841292440820318e-01 3.571331111763372812e-01 2.932172780746144514e-01 2.387556354340253373e-01 2.073338398175384178e-01 1.122544669641466486e-01 8.554241267465684251e-02 7.867700904720813238e-02 8.182184361477684575e-01 5.162750012417950396e-01 3.621310247978273833e-01 2.988264183974652655e-01 2.449554318934773212e-01 2.139054879129966835e-01 1.199748356525816989e-01 9.356125648131659311e-02 8.677285926069634725e-02 8.196996627908434974e-01 5.210617502465889617e-01 3.686408738826765230e-01 3.061508601221655801e-01 2.530699200006905625e-01 2.225212037339151794e-01 1.301881862186533845e-01 1.041676325561714661e-01 9.749803265764135640e-02 8.215905900314589561e-01 5.272746301668830293e-01 3.771377095059123552e-01 3.157317417571861573e-01 2.637073539390318855e-01 2.338338636896316325e-01 1.437626929506631568e-01 1.184363705958995233e-01 1.118654571862225527e-01
8.148209133808834714e-01 5.075308128633975180e-01 3.508786009927112315e-01 2.864405726883212933e-01 2.314983115400351954e-01 1.997890127263587112e-01 1.040351684911236252e-01 7.736922557017107682e-02 7.053976792402394391e-02 8.157285615377993793e-01 5.103793635286828501e-01 3.547149588310683499e-01 2.907358310647524813e-01 2.362331754285172114e-01 2.047955999230512691e-01 1.098224166880785307e-01 8.327616453330206892e-02 7.647352719535417676e-02 8.168904154930386463e-01 5.140650460276744438e-01 3.596973916229901924e-01 2.963252180009507963e-01 2.424050668845341427e-01 2.113332008087639158e-01 1.174575059581749320e-01 9.117400008739394435e-02 8.443927645971532892e-02 8.183770377879295843e-01 5.188447066582734246e-01 3.661901601387424487e-01 3.036253988739915921e-01 2.504875491550453415e-01 2.199097510081694518e-01 1.275849616711658974e-01 1.016491669406333898e-01 9.501414604545188602e-02 8.202752434027599238e-01 5.250513309031944464e-01 3.746671474448765027e-01 3.131792452897749213e-01 2.610896639304882139e-01 2.311802565162154321e-01 1.410513967701912397e-01 1.157781635086242850e-01 1.092250284737807109e-01
8.135536833896040987e-01 5.054997401572081106e-01 3.486822397322648093e-01 2.841990453840106401e-01 2.292283927632541574e-01 1.975084733091455047e-01 1.018644186411168384e-01 7.536601244165896940e-02 6.860500712962665226e-02 8.144637650317305688e-01 5.083434009256124764e-01 3.525070712493076353e-01 2.884788592126741880e-01 2.339416357483155295e-01 2.024896920085536567e-01 1.075913815504174614e-01 8.118627968418710983e-02 7.443787959576289581e-02 8.156291910012971602e-01 5.120237033814457606e-01 3.574747639309048264e-01 2.940487874922487199e-01 2.400884489439616409e-01 2.089965857565761753e-01 1.151516080798098973e-01 8.897331971869756884e-02 8.228435673085851554e-02 8.171204458463040554e-01 5.167958283213298643e-01 3.639515170584107784e-01 3.013267826326470056e-01 2.481415517990526454e-01 2.175383935810339675e-01 1.252032200452067590e-01 9.933228924091458412e-02 9.271944282613756028e-02 8.190252524187664473e-01 5.229949503866060390e-01 3.724101791190291277e-01 3.108568461541648120e-01 2.587127375270340535e-01 2.287712994248789489e-01 1.385741861315092360e-01 1.133357554956718610e-01 1.067975832669873226e-01
8.123296763363744288e-01 5.036051105080604495e-01 3.466702980417123436e-01 2.821580968575812531e-01 2.271678948066548909e-01 1.954404340415344665e-01 9.987885965450536696e-02 7.352123078403029199e-02 6.681999778017523595e-02 8.132418858787292537e-01 5.064438762552510020e-01 3.504833859632353055e-01 2.864227431833440973e-01 2.318613511872334165e-01 2.003977294489737715e-01 1.055524583866430666e-01 7.926570977665743645e-02 7.256336014856240579e-02 8.144102635933078149e-01 5.101177199017018493e-01 3.554387963677601570e-01 2.919750413012471291e-01 2.379857627053090230e-01 2.068780917516787610e-01 1.130465414947230129e-01 8.695060621573941217e-02 8.029978433547416139e-02 8.159054513290091570e-01 5.148828234293724160e-01 3.618985677475365925e-01 2.992326737940304571e-01 2.460125249256820135e-01 2.153885150328854470e-01 1.230298965407963657e-01 9.721457082023444995e-02 9.061615700953322416e-02 8.178151958514163766e-01 5.210743672552945460e-01 3.703391298947693588e-01 3.087390673944029329e-01 2.565543304489902865e-01 2.265877190723970536e-01 1.363185602275413799e-01 1.110989083197101157e-01 1.045737169246100523e-01
8.111173175924114576e-01 5.018113380217941177e-01 3.448149844650020279e-01 2.802939506912680012e-01 2.252975101599729579e-01 1.935666538378243706e-01 9.806923312565364592e-02 7.182959288773253792e-02 6.517827668365083760e-02 8.120311761477059243e-01 5.046441564347491360e-01 3.486164957865177660e-01 2.845445314945616588e-01 2.299729480546802429e-01 1.985029782171756352e-01 1.036955149231003764e-01 7.750738674672638662e-02 7.084519549311199538e-02 8.132017923252879976e-01 5.083112318829415832e-01 3.535590991620057300e-01 2.900807060840632223e-01 2.360770815607889095e-01 2.049589197626012771e-01 1.111318298458250919e-01 8.509879313044030336e-02 7.847889541747105069e-02 8.146998005420670319e-01 5.130688642091320029e-01 3.600025322432645059e-01 2.973177443617958660e-01 2.440782767733776226e-01 2.134402894918277505e-01 1.210530740832135022e-01 9.528289814019023918e-02 8.869846708743266139e-02 8.166136645153476703e-01 5.192503844744510433e-01 3.684244773921362959e-01 3.068011973455007091e-01 2.545932365278358311e-01 2.246084980314277113e-01 1.342724228104474615e-01 1.090563805696619926e-01 1.025442571035703743e-01
8.098762432252456511e-01 5.000729972807409496e-01 3.430852917725705220e-01 2.785827843758980626e-01 2.235973709524287645e-01 1.918695154286369775e-01 9.642554617444469567e-02 7.028347226845936546e-02 6.367497055439103049e-02 8.107912911316718096e-01 5.028993328206963209e-01 3.468759279406070650e-01 2.828191103170106802e-01 2.282555679713099139e-01 1.967856202688158807e-01 1.020092149027401335e-01 7.590285327802902271e-02 6.927562085133751046e-02 8.119635265802639390e-01 5.065592416094241157e-01 3.518044536753647256e-01 2.883391453791078751e-01 2.343401018566989846e-01 2.032196428388365894e-01 1.093959507324929054e-01 8.341035465647794744e-02 7.681421623499623541e-02 8.134632875321762269e-01 5.113067080170832224e-01 3.582309635977259377e-01 2.955558364267317772e-01 2.423178035986743861e-01 2.116742481520803298e-01 1.192618395376940504e-01 9.352438466967794017e-02 8.695401473103407664e-02 8.153801001945639726e-01 5.174768375132458020e-01 3.666334389091590595e-01 3.050169557224626238e-01 2.528061926664342818e-01 2.228131440277637820e-01 1.324212971967544950e-01 1.071983277656977096e-01 1.006989569478682206e-01
8.085562879926273538e-01 4.983356620755107214e-01 3.414462721264542311e-01 2.769974186260218962e-01 2.220459511109311723e-01 1.903303609641667504e-01 9.493829157620398140e-02 6.887678581391439014e-02 6.230463175477213983e-02 8.094718816634915992e-01 5.011545831397279382e-01 3.452245537907870920e-01 2.812196131868369142e-01 2.266874589105133952e-01 1.952277570905825432e-01 1.004822942796190360e-01 7.444136594351725977e-02 6.784578215393367862e-02 8.106452066337628271e-01 5.048052782123362281e-01 3.501389055430155772e-01 2.867233600536700511e-01 2.327540262848832864e-01 2.016412810845605585e-01 1.078281119747919459e-01 8.187738058636222227e-02 7.529853679935831490e-02 8.121467128034245420e-01 5.095409456391616354e-01 3.565473102328028387e-01 2.939189532040151209e-01 2.407073797538595572e-01 2.100694966836952615e-01 1.176439524227406025e-01 9.192855460623933217e-02 8.537131271124495657e-02 8.140651671708422077e-01 5.156970823591845443e-01 3.649279849433456069e-01 3.033553306753539180e-01 2.511698846863471557e-01 2.211804789666935722e-01 1.307516442466175599e-01 1.055146372055217607e-01 9.902734673700401558e-02
8.070962720594491158e-01 4.965315836064891908e-01 3.398557803042915881e-01 2.755075891825280454e-01 2.206217699396011700e-01 1.889307305416568772e-01 9.359685277953454230e-02 6.760251618744628210e-02 6.106101730202664890e-02 8.080123221133896916e-01 4.993418018493189781e-01 3.436207627851724511e-01 2.797150537698656625e-01 2.252470703530769225e-01 1.938103100959709391e-01 9.910492727195557849e-02 7.311525452881315057e-02 6.654500604304991462e-02 8.091858606765933715e-01 5.029811947920826976e-01 3.485194793710800210e-01 2.852017346099369743e-01 2.312947828263871020e-01 2.002037447031727035e-01 1.064159829573674831e-01 8.049118115465588030e-02 7.392472473428134128e-02 8.106880242968910188e-01 5.077028409293343758e-01 3.549067264608517513e-01 2.923740988608658498e-01 2.392239977042615873e-01 2.086059252707747891e-01 1.161863853587580264e-01 9.048539929883715749e-02 8.393922504502603077e-02 8.126076548063934091e-01 5.138404137616371381e-01 3.632618288110535665e-01 3.017841223329209566e-01 2.496589317382929551e-01 2.196889378448658170e-01 1.292486764683210276e-01 1.039948250037517202e-01 9.751820573157297944e-02
8.054229187053152383e-01 4.945789766555089284e-01 3.382632429796934015e-01 2.740782875035591148e-01 2.193007536728980855e-01 1.876507965636455277e-01 9.238985132990347460e-02 6.645241028081996792e-02 5.993664661373746677e-02 8.063389366251031420e-01 4.973783655056223663e-01 3.420139391049644706e-01 2.782704170633776286e-01 2.239100616576437663e-01 1.925136354923838722e-01 9.786637444783713446e-02 7.191836450672521586e-02 6.536944982104619939e-02 8.075125124155863032e-01 5.010039378603593496e-01 3.468933434782033864e-01 2.837371066708040401e-01 2.299375258138945111e-01 1.988862880034326930e-01 1.051459502254188383e-01 7.924229797064691327e-02 7.268461585262560309e-02 8.090142837154009614e-01 5.057066133775011130e-01 3.532554390415044154e-01 2.908836488873280390e-01 2.378406645441023259e-01 2.072617545498229574e-01 1.148750773717231860e-01 8.918474831317020624e-02 8.264690822898869416e-02 8.109339808888166301e-01 5.118212005261102426e-01 3.615802330444718993e-01 3.002626146683289310e-01 2.482456464839307431e-01 2.183157931402683882e-01 1.278981545174907863e-01 1.026271483129157919e-01 9.616013730274729221e-02
8.034512617371156740e-01 4.923794154369597886e-01 3.366081503249694906e-01 2.726678898894297487e-01 2.180557215764976631e-01 1.864702284241334662e-01 9.130613305811506597e-02 6.541803955075693733e-02 5.892468515556763958e-02 8.043665405866780027e-01 4.951647838119522804e-01 3.403411220878080345e-01 2.768422614066829990e-01 2.226481651618102131e-01 1.913159575061068873e-01 9.675509090878296747e-02 7.083994943970887970e-02 6.430876176951186296e-02 8.055396010885159663e-01 4.987721847602655800e-01 3.451972149950799373e-01 2.822858401802563755e-01 2.286530292001029141e-01 1.976666524207464914e-01 1.040060000702598686e-01 7.812108834891455522e-02 7.156943619725472661e-02 8.070409126456352666e-01 5.034516883578015189e-01 3.515291091423468628e-01 2.894021133588006167e-01 2.365273637559823505e-01 2.060142429311780654e-01 1.136967674777375897e-01 8.801586643246039898e-02 8.148442587867492370e-02 8.089596037953004082e-01 5.095364695169675162e-01 3.598149802348037385e-01 2.987434271123765583e-01 2.468981129386053630e-01 2.170360320752887928e-01 1.266853000581750488e-01 1.013999181072606504e-01 9.494097727778180729e-02
8.010849942386321088e-01 4.898177633135858966e-01 3.348168203802839860e-01 2.712264037336442057e-01 2.168554442350383582e-01 1.853654666626911862e-01 9.033444162308834624e-02 6.449021541512793554e-02 5.801647411886365346e-02 8.019996716107193890e-01 4.925856319891014912e-01 3.385275553395185599e-01 2.753795913259116657e-01 2.214282991513864263e-01 1.901930077035700883e-01 9.575912848193922355e-02 6.987281502395990829e-02 6.335513900777924035e-02 8.031717203917423387e-01 4.961699888536063030e-01 3.433545021169004952e-01 2.807948508132687149e-01 2.274076774726166428e-01 1.965197267872888787e-01 1.029827586731210110e-01 7.711704318641120215e-02 7.057009863146419815e-02 8.046718844307241270e-01 5.008194178568642352e-01 3.496479580180457680e-01 2.878740743609603525e-01 2.352486655079147337e-01 2.048364376871911752e-01 1.126375080500526676e-01 8.696745946429325358e-02 8.044106710610349209e-02 8.065892706587735050e-01 5.068650621816394031e-01 3.578840199280363121e-01 2.971673938241995439e-01 2.455775231886547783e-01 2.158210729071357026e-01 1.255950553425546068e-01 1.003008258772504074e-01 9.384832092891656763e-02
7.982185000972747968e-01 4.867632912849255700e-01 3.328021315919575951e-01 2.696931159214183693e-01 2.156620058089832592e-01 1.843101627854321911e-01 8.946277897640422805e-02 6.366008764237585105e-02 5.720402883180851494e-02 7.991322536014162647e-01 4.895084406301643543e-01 3.364847016928551038e-01 2.738195907782468574e-01 2.202117807704734032e-01 1.891170644255290578e-01 9.486614350180695709e-02 6.900860404822536931e-02 6.250157749016038711e-02 8.003030829500941135e-01 4.930635089856327258e-01 3.412742840234172514e-01 2.791990116590528093e-01 2.261602273041937450e-01 1.954162990997417304e-01 1.020636619576038712e-01 7.622066318160125586e-02 6.967772829288962355e-02 8.018016394951714698e-01 4.976742592918534380e-01 3.475186446208787805e-01 2.862315657101275890e-01 2.339607898316256318e-01 2.036972036023524391e-01 1.116839031511369373e-01 8.602845952497252535e-02 7.950662034745629991e-02 8.037170889212384983e-01 5.036695880738348841e-01 3.556893107714975133e-01 2.954628408075875012e-01 2.442365196243962144e-01 2.146361710024836666e-01 1.246120938999549094e-01 9.931763013980282606e-02 9.286996427933319476e-02
7.947375870315857016e-01 4.830697765437615976e-01 3.304616276756508486e-01 2.679942762457925842e-01 2.144292983184044321e-01 1.832725318407792126e-01 8.868034921278418470e-02 6.291870610761345073e-02 5.647805742799435341e-02 7.956503511074322077e-01 4.857862935234426027e-01 3.341078142764842274e-01 2.720866219244783557e-01 2.189505389415034864e-01 1.880549673150324896e-01 9.406371621833155283e-02 6.823763237227473133e-02 6.173966750663482245e-02 7.968198097999491525e-01 4.893035920966786190e-01 3.388490234392182998e-01 2.774205074641023505e-01 2.248600985430692922e-01 1.943208888521486821e-01 1.012360892270608853e-01 7.542113640339605241e-02 6.888227366306866328e-02 7.983166430849127915e-01 4.938653424307609674e-01 3.450297733004524803e-01 2.843925003014434183e-01 2.326095485730110823e-01 2.025581281198161610e-01 1.108227827896217238e-01 8.518746738284259379e-02 7.867071251474462568e-02 8.002298994859617931e-01 4.997958886353112140e-01 3.531151481412123094e-01 2.935418213605834881e-01 2.428159720263870780e-01 2.134386958161905712e-01 1.237204399594907245e-01 9.843736991215534804e-02 9.199349272699015867e-02
7.905210220531873055e-01 4.785783461118990889e-01 3.276775468720873330e-01 2.660421675139208464e-01 2.131007150204937972e-01 1.822137401411031976e-01 8.797622222884590726e-02 6.225713994021766368e-02 5.583029285787933366e-02 7.914326181287300033e-01 4.812586363464773642e-01 3.312768883170081335e-01 2.700903600462600251e-01 2.175852189056309283e-01 1.869655457170942836e-01 9.333977890528279142e-02 6.754964787339351462e-02 6.106063875691838949e-02 7.926006095587131428e-01 4.847279989226010999e-01 3.359555957446270225e-01 2.753648903941062764e-01 2.234451792001199144e-01 1.931897654776656148e-01 1.004870760861539397e-01 7.470752467151788034e-02 6.817427926553137896e-02 7.940957396623784526e-01 4.892272822745023508e-01 3.420535218316776427e-01 2.822577218814167899e-01 2.311277947173117908e-01 2.013714499011796111e-01 1.100407531613041973e-01 8.443304903113781068e-02 7.792217253334864091e-02 7.960067926939807803e-01 4.950751771829345893e-01 3.500269797111876802e-01 2.912985399859279179e-01 2.412416534620030750e-01 2.121743445477218548e-01 1.229036022852841303e-01 9.764704327008738582e-02 9.120684362378889132e-02
7.854414845967617742e-01 4.731189548990752392e-01 3.243169244384190852e-01 2.637339459534389641e-01 2.116068697002535803e-01 1.810854020545795695e-01 8.733986409398514228e-02 6.166784611331042887e-02 5.525452853312368129e-02 7.863520496292455420e-01 4.757531783513079815e-01 3.278555430030952733e-01 2.677243940008920964e-01 2.160432464939910091e-01 1.857975600511856673e-01 9.268269421559094390e-02 6.693574820291396665e-02 6.045636362845755590e-02 7.875187626888874304e-01 4.791623688231985700e-01 3.324538876918028962e-01 2.729214969091153797e-01 2.218381819228771867e-01 1.919680300509379600e-01 9.980383045155381827e-02 7.406878481881429277e-02 6.754339194367291188e-02 7.890121895655682893e-01 4.835829262523236860e-01 3.384446990274793676e-01 2.797105590845578305e-01 2.294327989709017135e-01 2.000767348571336757e-01 1.093237084298294692e-01 8.375440120604236982e-02 7.725107451570176198e-02 7.909210945260528591e-01 4.893263444968067866e-01 3.462727208469970064e-01 2.886082322936308620e-01 2.394229798985190172e-01 2.107757802642481748e-01 1.221457449976619258e-01 9.693341427787081910e-02 9.049819138186269984e-02
7.793675722807333894e-01 4.665122187485983840e-01 3.202316745536648024e-01 2.609497697502768943e-01 2.098632372969639892e-01 1.798268438533478786e-01 8.675923471086835481e-02 6.114127872284663007e-02 5.474136567576829565e-02 7.802772680035321429e-01 4.690891627174746947e-01 3.236926693625840623e-01 2.648649775856634636e-01 2.142362447554893579e-01 1.844869888519437562e-01 9.208055463784627082e-02 6.638684104436301525e-02 5.991812663592972765e-02 7.814429047722958321e-01 4.724233890338436215e-01 3.281880128989804191e-01 2.699617151984922137e-01 2.199455857124458236e-01 1.905866305877838840e-01 9.917287639987253101e-02 7.349374553905928253e-02 6.697903297530000133e-02 7.829349840976248531e-01 4.767454991152068611e-01 3.340417037577847470e-01 2.766154580579937017e-01 2.274235942925764142e-01 1.985981928523429807e-01 1.086566882893863911e-01 8.314076255279895244e-02 7.664683524242434098e-02 7.848422127153287242e-01 4.823581559225529336e-01 3.416828834837173368e-01 2.853261453014886984e-01 2.372490046450038137e-01 2.091575347722157419e-01 1.214312117094432791e-01 9.628137894287008836e-02 8.985345129624328075e-02
7.721670682096540839e-01 4.585730742607823651e-01 3.152604344831301808e-01 2.575532143851285705e-01 2.077685056910339445e-01 1.783631159132756661e-01 8.622239384047737654e-02 6.066958669782117342e-02 5.428352408083626790e-02 7.730761859854458073e-01 4.610790070872189950e-01 3.186229770167263164e-01 2.613717559895534226e-01 2.120585170689659460e-01 1.829545373543922104e-01 9.152001044227341120e-02 6.589306526847814316e-02 5.943666325551939106e-02 7.742410534014144696e-01 4.643204886605637460e-01 3.229878787483232427e-01 2.663390070061593118e-01 2.176551927437595790e-01 1.889600382788596267e-01 9.857970733163315402e-02 7.297195118614231701e-02 6.647097780483987584e-02 7.757323887853266875e-01 4.685208829035064082e-01 3.286672236140688597e-01 2.728177842030413691e-01 2.249791003342692941e-01 1.968415580761904982e-01 1.080225692852022634e-01 8.258165790894597680e-02 7.609979943199943198e-02 7.776386920252372770e-01 4.739721136759744713e-01 3.360714021075454361e-01 2.812865194284127068e-01 2.345861953476745532e-01 2.072127109904667586e-01 1.207378315143090852e-01 9.568106658281158583e-02 8.926380020835029960e-02
7.637122648058213281e-01 4.491139385583065025e-01 3.092298218407429355e-01 2.533922452374063328e-01 2.052036900547514475e-01 1.766028378528658738e-01 8.571549910064285571e-02 6.024432957091380852e-02 5.387345690077607191e-02 7.646213736463535193e-01 4.515331732170672074e-01 3.124691412325049100e-01 2.570873277656284261e-01 2.093854326800597410e-01 1.811034644367431057e-01 9.098594850589795946e-02 6.544548919992371205e-02 5.900384783504151326e-02 7.657863792817986015e-01 4.546613980684569567e-01 3.166705145683706979e-01 2.618892606795796829e-01 2.148351645277694622e-01 1.869841197598854365e-01 9.800787492357729280e-02 7.249422093491821040e-02 6.600941275103223982e-02 7.672780131000196402e-01 4.587129665393016587e-01 3.221312190450105195e-01 2.681444313831552462e-01 2.219569256231632148e-01 1.946917380345503101e-01 1.074001094319403937e-01 8.206590314688154419e-02 7.560006108099966149e-02 7.691850027159707892e-01 4.639668790570845580e-01 3.292382698730151325e-01 2.763041389505597745e-01 2.312780195869379996e-01 2.048114125079569525e-01 1.200371271727201233e-01 9.511850981834646390e-02 8.871820852841437455e-02
