1.184265390671890927e+06 5.997891026135631837e+05 1.262985159514560550e+07 1.590273086281224899e+07 2.793778585323468596e+07 3.402200180589655787e+07 4.000355415774793178e+07 4.392019458426651359e+07 6.116647945072040707e+07 7.109498460122413933e+07
1.503663379326358903e+06 7.905922650404770393e+05 1.594381311837042123e+07 1.994597851962953806e+07 3.449274012091011554e+07 4.176420077329164743e+07 4.887727274351040274e+07 5.351784675252773613e+07 7.369120422922150791e+07 8.515700526860244572e+07
1.891375521645490546e+06 1.037983061596022802e+06 2.005129388447302207e+07 2.493189260988982022e+07 4.246990123642188311e+07 5.115957464427058399e+07 5.960762323980002850e+07 6.508595309098105878e+07 8.869559376729074121e+07 1.019104764043846428e+08
2.376233841561911162e+06 1.356212931970302016e+06 2.512646973144812882e+07 3.106117723240157589e+07 5.216905361355916411e+07 6.254121052851167321e+07 7.256198484000173211e+07 7.903508818837711215e+07 1.066382704682833254e+08 1.218741699724270403e+08
2.973848957520561293e+06 1.764211173607486533e+06 3.137668155026468262e+07 3.857305329788447171e+07 6.394057923012699187e+07 7.629658252504949272e+07 8.817818817276667058e+07 9.581919094320246577e+07 1.280820044702669978e+08 1.456419456441094577e+08
3.704089401434035972e+06 2.283041183533519506e+06 3.905126392515096813e+07 4.775676211962356418e+07 7.818794274268530309e+07 9.290281233807526529e+07 1.069809437802268714e+08 1.159949083071707040e+08 1.536913170735373199e+08 1.738973527943916619e+08
4.599983652848630212e+06 2.938963997619474307e+06 4.844337699769080430e+07 5.895690639188078791e+07 9.541270836824779212e+07 1.129176988310677856e+08 1.295808214489250779e+08 1.402148672039954066e+08 1.842383655609827042e+08 2.075019621752421558e+08
5.690732140119448304e+06 3.763939790798378177e+06 5.990834513497006893e+07 7.257735692366956174e+07 1.162032713184581101e+08 1.369993804635150731e+08 1.567384395393530130e+08 1.692612639930500984e+08 2.206675203234981298e+08 2.474524477958260179e+08
7.038284481011465192e+06 4.793768947108567692e+06 7.386675925906467438e+07 8.910690612083494663e+07 1.412450481757129133e+08 1.659573364195288420e+08 1.892905132999765873e+08 2.040537417787686586e+08 2.641015680700587928e+08 2.948854125175998807e+08
8.621659305039601400e+06 6.074540567683100700e+06 9.081268932357710600e+07 1.091192342689042836e+08 1.713802033879051805e+08 2.007080027022991776e+08 2.283093907647684813e+08 2.457072649700707197e+08 3.158100394434145689e+08 3.512221257525349259e+08
1.058481519706012309e+07 7.658303879437622614e+06 1.113398603712648451e+08 1.332993390963446945e+08 2.075688186853422225e+08 2.423862026940740645e+08 2.750076874511924982e+08 2.955003821155664325e+08 3.773790652257723808e+08 4.180869979229567051e+08
1.292774937314056419e+07 9.606953163299312815e+06 1.361429619619449675e+08 1.624559531631398201e+08 2.509898414220978022e+08 2.922857238344798088e+08 3.308425609403128624e+08 3.549795479858629704e+08 4.505958750839905739e+08 4.974035579050143361e+08
1.575162694920029119e+07 1.199774810099198669e+07 1.660523813970222473e+08 1.975421973724889755e+08 3.029981202110897303e+08 3.519516432329394221e+08 3.975252675909861922e+08 4.259702891473372579e+08 5.376704679873801470e+08 5.914732504239281416e+08
1.914225116846082360e+07 1.491076145162249915e+07 2.020407750822218657e+08 2.396955475547045469e+08 3.652231633735273480e+08 4.232518544123025537e+08 4.771074186953917742e+08 5.106219311925340891e+08 6.411431285574454069e+08 7.029800689715909958e+08
2.320274237843697146e+07 1.845235739922956750e+07 2.452647771907758415e+08 2.902404764804310203e+08 4.395947900551139116e+08 5.083568234578316212e+08 5.719975426298757792e+08 6.114714394755696058e+08 7.640348613084636927e+08 8.351224951680693626e+08
2.805661337026774511e+07 2.274350933189402521e+07 2.970826675552980304e+08 3.507648222196136117e+08 5.283518182655251622e+08 6.098242644618872404e+08 6.850296627283248901e+08 7.315378222730259895e+08 9.099515681939659119e+08 9.916633024538455009e+08
3.386230961065386236e+07 2.792556210716102272e+07 3.591042113583448529e+08 4.231140172394102216e+08 6.341897066523398161e+08 7.307081519916445017e+08 8.195623363704471588e+08 8.744029271609712839e+08 1.083094135811987638e+09 1.177066922465750933e+09
4.078191552052694559e+07 3.416791319676070660e+07 4.332239907360680103e+08 5.094955018706292510e+08 7.602441737604160309e+08 8.745550963936544657e+08 9.795427844868261814e+08 1.044199478172088146e+09 1.288513954027494431e+09 1.396568750181603432e+09
4.903410973769703507e+07 4.166659619757678360e+07 5.216718541635692120e+08 6.124949558010985851e+08 9.102274246368566751e+08 1.045599702285634995e+09 1.169695594569742918e+09 1.245957642374206543e+09 1.531999868546361446e+09 1.656353282987419605e+09
5.884638485978590697e+07 5.065763280583231896e+07 6.270798514235290289e+08 7.351506370029124022e+08 1.088567235446632862e+09 1.248835678682868242e+09 1.395504125758347034e+09 1.485453860995984077e+09 1.820622765864567280e+09 1.963745898201313972e+09
7.049709632663415372e+07 6.141390066837369651e+07 7.525588095708886385e+08 8.810625672899277210e+08 1.300357660335454702e+09 1.490121599866497993e+09 1.663474811532160044e+09 1.769596505114567757e+09 2.162562475761235714e+09 2.327348677574990749e+09
8.435308147691789269e+07 7.427239506264525652e+07 9.017788780723313093e+08 1.054478104117303371e+09 1.551760084499772787e+09 1.776363162456529379e+09 1.981273394325364351e+09 2.106496523347152710e+09 2.567525722331169605e+09 2.757334701133103371e+09
1.007970094318109453e+08 8.962230403419940174e+07 1.079046263301854610e+09 1.260373824518750906e+09 1.849922975796040535e+09 2.115738315321531773e+09 2.357953620610191822e+09 2.505779471273120880e+09 3.046934375871965408e+09 3.265676804304490566e+09
1.203032315340620130e+08 1.079255285131646693e+08 1.289455197943783998e+09 1.504667251751926184e+09 2.203287197771582603e+09 2.517820070921847343e+09 2.804172231191904545e+09 2.978679833100814819e+09 3.614313582543166637e+09 3.866552016228610992e+09
1.434411652119342983e+08 1.297273788163603097e+08 1.539039355105290890e+09 1.794306901076628685e+09 2.621862711379028320e+09 2.994008851810636520e+09 3.332465988034190655e+09 3.538548604647071838e+09 4.285584719478422165e+09 4.576627877509295464e+09
1.707675321936277151e+08 1.556941894128101766e+08 1.834878849129319906e+09 2.137514053147776604e+09 3.117421490711837769e+09 3.557602139078564644e+09 3.957648895533868790e+09 4.201032365289034367e+09 5.079464496083950996e+09 5.415582613012886047e+09
2.035773492330933809e+08 1.865995103034261763e+08 2.185376466635118961e+09 2.543941568952840328e+09 3.703821548295759678e+09 4.224376956236763954e+09 4.697151299608055115e+09 4.984589810495133400e+09 6.018118048793710709e+09 6.406511755758201599e+09
2.419458092249083519e+08 2.233757310129500926e+08 2.600406947371870518e+09 3.025055334649116993e+09 4.397420895914978981e+09 5.012837406266604424e+09 5.571556545916239738e+09 5.911043590311161041e+09 7.127559883615097046e+09 7.576715632457226753e+09
2.877987768312551379e+08 2.671285549099329114e+08 3.091718388225904465e+09 3.594390246018595219e+09 5.217551333338829041e+09 5.944956263951950073e+09 6.605087117712685585e+09 7.006038803794819832e+09 8.438659444151872635e+09 8.958465370951475143e+09
3.420122566016976833e+08 3.191713977104600668e+08 3.673121702641311169e+09 4.267865930318113327e+09 6.186952310071226120e+09 7.046501748526107788e+09 7.826342843274782181e+09 8.299818038331851959e+09 9.987478030972438812e+09 1.058951115026968002e+10
4.062812314850215912e+08 3.810727053123204708e+08 4.360955769590941429e+09 5.064357326049358368e+09 7.332583629138562202e+09 8.347975247128990173e+09 9.269010093859722137e+09 9.828058533028182983e+09 1.181673687772791862e+10 1.251442821630647469e+10
4.824941561805788279e+08 4.546964280922239423e+08 5.174574006581806183e+09 6.006153911805711746e+09 8.686133819173185349e+09 9.885319428528331757e+09 1.097287139739004326e+10 1.163288037561612511e+10 1.397677662669148636e+10 1.478587298902943230e+10
5.728071734504932165e+08 5.422533652779102325e+08 6.136846206945665359e+09 7.119624968248127937e+09 1.028509264554247284e+10 1.170093147065488625e+10 1.298481055857126808e+10 1.376384175933285332e+10 1.652679354501111794e+10 1.746549397089567566e+10
6.799465960762195587e+08 6.463944902778716087e+08 7.274786999694269180e+09 8.435905615656183243e+09 1.217375032732276535e+10 1.384493863104296875e+10 1.536011192895964813e+10 1.627947735072619438e+10 1.953653795795608139e+10 2.062614485474223709e+10
8.067916577472221851e+08 7.702510147386375666e+08 8.620373603721683502e+09 9.991801030439020157e+09 1.440427385232611084e+10 1.637638636373917961e+10 1.816413691998569870e+10 1.924883466183698654e+10 2.308839276058889771e+10 2.435400569897280121e+10
9.573108649100226164e+08 9.175636713030676842e+08 1.021146606727841568e+10 1.183084115628838539e+10 1.703848937313932610e+10 1.936501437773084641e+10 2.147386339710173798e+10 2.275332567381573105e+10 2.727931772509128189e+10 2.875066441184889603e+10
1.135772544461081028e+09 1.092772584959302664e+09 1.209275330198805618e+10 1.400447488978123283e+10 2.014923508036226273e+10 2.289334576653762817e+10 2.538026541579772949e+10 2.688901104314078903e+10 3.222354701611573792e+10 3.393575500303166199e+10
1.347283778032524109e+09 1.301156530549469471e+09 1.431714056233755493e+10 1.657356332150189590e+10 2.382259165377116776e+10 2.705845863772860718e+10 2.999054888439701080e+10 3.176927707596206284e+10 3.805586017165572357e+10 4.005030688118715668e+10
1.597993930132218838e+09 1.549008284549040079e+09 1.694720267367510414e+10 1.961001686136445236e+10 2.816030260700617981e+10 3.197529787243870926e+10 3.543154526843590546e+10 3.752797541805396271e+10 4.493515207188932037e+10 4.726017972358098602e+10
1.895199598802307129e+09 1.843789722867305040e+09 2.005694858364159393e+10 2.319885935258021164e+10 3.328238057132688141e+10 3.777942044881799316e+10 4.185261485539894104e+10 4.432296543038087463e+10 5.304861386074298096e+10 5.576147938391601562e+10
2.247635141808248997e+09 2.194373189276430607e+09 2.373383442989573669e+10 2.744065135394779205e+10 3.933080470486806488e+10 4.463094810521408081e+10 4.943032706208573914e+10 5.234057519727139282e+10 6.261702376181072235e+10 6.578526397353138733e+10
2.665017940802405357e+09 2.611278156255522728e+09 2.808139965916344070e+10 3.245418336996651077e+10 4.647298251054128265e+10 5.271884841330810547e+10 5.837285129172810364e+10 6.180082966105240631e+10 7.390079866286315918e+10 7.760387899405497742e+10
3.159089108746853828e+09 3.106924340496334076e+09 3.322201691677059555e+10 3.837987598328433228e+10 5.490699053471234131e+10 6.226635419593943024e+10 6.892624521555393982e+10 7.296314128907159424e+10 8.720686571063946533e+10 9.153820936604718018e+10
3.743176281088035583e+09 3.695944828873430729e+09 3.930019278731484222e+10 4.538382064462529755e+10 6.486637541141690063e+10 7.353689756388975525e+10 8.138059789393637085e+10 8.613391124297706604e+10 1.028974820966527710e+11 1.079669391170210571e+11
4.431886684502356529e+09 4.395400981305348396e+09 4.648672828468126678e+10 5.366190336157312775e+10 7.662719346064854431e+10 8.684165014899179077e+10 9.607854893472409058e+10 1.016745429361925354e+11 1.213999977229109192e+11 1.273357767982707062e+11
5.240989661777136803e+09 5.224983049316654205e+09 5.498300332937548828e+10 6.344541461829602051e+10 9.051523931020753479e+10 1.025477792589647980e+11 1.134243742236002808e+11 1.200116895470386505e+11 1.432182967744410095e+11 1.501689271811020203e+11
6.185215936829261780e+09 6.207038262140866280e+09 6.502568284628479004e+10 7.500667989838639832e+10 1.069150076039642181e+11 1.210889007922689514e+11 1.338953578282991943e+11 1.416489460900336609e+11 1.689471608758601990e+11 1.770841846823032227e+11
7.278211203254907608e+09 7.366367816758470535e+09 7.689166054430192566e+10 8.866472692658819580e+10 1.262794360013738403e+11 1.429762378637869263e+11 1.580547721429738159e+11 1.671804612164586792e+11 1.992880576922987061e+11 2.088088409421635742e+11
8.527810645344199181e+09 8.729719913718803406e+09 9.090156733153063965e+10 1.047908325002717896e+11 1.491408406072957458e+11 1.688122115313149719e+11 1.865667623522089844e+11 1.973070371930676880e+11 2.350682067205748291e+11 2.462021867765358887e+11
9.932438888580160141e+09 1.032484197562449646e+10 1.074212988652276917e+11 1.238112794051101074e+11 1.761208181563121948e+11 1.993043038975874939e+11 2.202139956058570862e+11 2.328553807333565063e+11 2.772616526344298706e+11 2.902870193125648193e+11
