8.495063083534931891e+00 8.008408616727372475e+00 7.301948383559599520e+00 6.865059649251413099e+00 6.691119275403070610e+00 6.153681503642617123e+00 5.872018815100018330e+00 5.107781380632033574e+00 4.306677459080892056e+00 3.528986003622646361e+00 3.293779655611267732e+00 8.496776606944077770e+00 8.012332746703417996e+00 7.327437727006576473e+00 6.942743523240802794e+00 6.798674391093099345e+00 6.296450666626798309e+00 6.029286828593745540e+00 5.301706484477593406e+00 4.541075456081877348e+00 3.803804547182953133e+00 3.581299562291280214e+00 8.499499275038212787e+00 8.017398980648883011e+00 7.359119195664884927e+00 7.038345477656560156e+00 6.930492552010727003e+00 6.470746763183238492e+00 6.220290523479499178e+00 5.535118520464036962e+00 4.819860946408157432e+00 4.129408494314164457e+00 3.920359687058640574e+00 8.502639801961686672e+00 8.023894050723669125e+00 7.398351110299069333e+00 7.155193953882483804e+00 7.091088924740504673e+00 6.682103330582649825e+00 6.450939749600326678e+00 5.815224112872454221e+00 5.151456739185453770e+00 4.510293275309584793e+00 4.315321958267932523e+00 8.507219825172422034e+00 8.031989307114740129e+00 7.446545906426759842e+00 7.296878432847714535e+00 7.284882084962705839e+00 6.935223382191590957e+00 6.727241780851298536e+00 6.148050112583111293e+00 5.541578813020868743e+00 4.958727687768863746e+00 4.779299847367811438e+00
1.002285182652352269e+01 9.425755273185494332e+00 8.597113308405111454e+00 8.091779846894732842e+00 7.866685594075879528e+00 7.211473028387244355e+00 6.873107899955379629e+00 5.962248217060412969e+00 5.014529940998188273e+00 4.097556639438955095e+00 3.820118497943898905e+00 1.002541384316781148e+01 9.430164095272251856e+00 8.626068359647348416e+00 8.181900991995284755e+00 7.992553202454566907e+00 7.378700599128443116e+00 7.056720063238349105e+00 6.188784677255407374e+00 5.287565595127991180e+00 4.417376783962817299e+00 4.154228644856841512e+00 1.002842594756322825e+01 9.435799017966797209e+00 8.662184229772270427e+00 8.292914047381049869e+00 8.147086137807454165e+00 7.582969497997053665e+00 7.280610597752977142e+00 6.462026334634193070e+00 5.613166043096059710e+00 4.796806647245310806e+00 4.550171922744011610e+00 1.003103803451108078e+01 9.443171865505089357e+00 8.706925613961121968e+00 8.428775787959065013e+00 8.335744870838880161e+00 7.831146983402631712e+00 7.552114931114921603e+00 6.791002624994149528e+00 6.001936667785619406e+00 5.242689069370991994e+00 5.012785643459325868e+00 1.003676876720890832e+01 9.452379431997075088e+00 8.761856908411282063e+00 8.593868300651195113e+00 8.563968926605891596e+00 8.130414522997622129e+00 7.878058651759928033e+00 7.182655702020138477e+00 6.460660656093680565e+00 5.768985901348931300e+00 5.557539283248885020e+00
1.182896838464686873e+01 1.110674553042248647e+01 1.013434693302316347e+01 9.533933436010363138e+00 9.241462539141254595e+00 8.442529072122720635e+00 8.037757814411319757e+00 6.954362133517913769e+00 5.834241227450482015e+00 4.754233557363034102e+00 4.428643963284103258e+00 1.183132927955536395e+01 1.111178344216479275e+01 1.016749207088401619e+01 9.638743539606384303e+00 9.388974942255488898e+00 8.638615187430692899e+00 8.252650363505452447e+00 7.218511286733408028e+00 6.152317603193260709e+00 5.126378807451358099e+00 4.817520930056973683e+00 1.183491369209651545e+01 1.111829818246080492e+01 1.020887403292658924e+01 9.768050071764003306e+00 9.570364048975905646e+00 8.878555698351464187e+00 8.515074770962238304e+00 7.538310701041563533e+00 6.532683020810193142e+00 5.568997167004214432e+00 5.278295858070778834e+00 1.183901081869669270e+01 1.112665587543752110e+01 1.026000736702333427e+01 9.926561051435006888e+00 9.792019791919425842e+00 9.170422441068589947e+00 8.833901678215871911e+00 7.924411707473840494e+00 6.988263927018961930e+00 6.090684517306584667e+00 5.818695669820625582e+00 1.184545000549267435e+01 1.113720365034974158e+01 1.032293013023925354e+01 1.011945666516726483e+01 1.006067550365125740e+01 9.522660159574824590e+00 9.217661637990655521e+00 8.385190969099589609e+00 7.527022962616172208e+00 6.707811353270197507e+00 6.456929407572284951e+00
1.396832349937225715e+01 1.309803292121798712e+01 1.195629336761979822e+01 1.122789819111575937e+01 1.084797396943373826e+01 9.876389603381021232e+00 9.391326597734806825e+00 8.105662919995255677e+00 6.784017118315818884e+00 5.514255045761866647e+00 5.131106078482764232e+00 1.397173452354832790e+01 1.310372473095429235e+01 1.199435337713098804e+01 1.134995647126012308e+01 1.102050008377017676e+01 1.010515655928336720e+01 9.642454150221016818e+00 8.413394151314500746e+00 7.153562066913887740e+00 5.946348655692712093e+00 5.582045017448892033e+00 1.397583009703136625e+01 1.311102218118038110e+01 1.204176542319066634e+01 1.150076184733518936e+01 1.123345065939695253e+01 1.038630725540846278e+01 9.950250524598192925e+00 8.787082364533766565e+00 7.596537393142767769e+00 6.460686805995356607e+00 6.118260557173128333e+00 1.398113933373303297e+01 1.312041188753146592e+01 1.210052000240355063e+01 1.168586956847663139e+01 1.149384225818294958e+01 1.072971052603366537e+01 1.032487702861491741e+01 9.239257614025532916e+00 8.129182775996055099e+00 7.069353506580124069e+00 6.749719166074608978e+00 1.398802025470872401e+01 1.313237209926449900e+01 1.217303595044099396e+01 1.191129774354405946e+01 1.181028310165556405e+01 1.114487568743064649e+01 1.077697334817076680e+01 9.780903681789672177e+00 8.760846105041773413e+00 7.791807563254687707e+00 7.495862365292202512e+00
1.649448616382501598e+01 1.545228899758199681e+01 1.411113045371045338e+01 1.321532475249331462e+01 1.272321841112167640e+01 1.154394035531256080e+01 1.096375302895210346e+01 9.438524922344305068e+00 7.880703499805259860e+00 6.389717443658962104e+00 5.941104656434042397e+00 1.649812872692135812e+01 1.545887144038966987e+01 1.415506771384663587e+01 1.335755360384179902e+01 1.292500424239734969e+01 1.181139507264601107e+01 1.125673955342471722e+01 9.796748405719732489e+00 8.310601043951768574e+00 6.891154149226454528e+00 6.463567973538303590e+00 1.650245758452255984e+01 1.546719079429698240e+01 1.420987567114538486e+01 1.353366281600624532e+01 1.317430089902650003e+01 1.214062591271004088e+01 1.161696259552937782e+01 1.023314028856906255e+01 8.827282978715995654e+00 7.489190862453072306e+00 7.086221052878867610e+00 1.650868837025824476e+01 1.547793525448139995e+01 1.427780988245853955e+01 1.375008550659634921e+01 1.348070206849330077e+01 1.254336235161711066e+01 1.205651633838221315e+01 1.076268785355556901e+01 9.449191178245316181e+00 8.199555140866671366e+00 7.822137718082540658e+00 1.651662383124893196e+01 1.549159712443946901e+01 1.436136344666906162e+01 1.401411002081296786e+01 1.385286747933129092e+01 1.303172582256531165e+01 1.258803820568862797e+01 1.139852990001248578e+01 1.018910291184831074e+01 9.043526927578152907e+00 8.695476348501838260e+00
1.946064312324680046e+01 1.823509859061615046e+01 1.665776621790078593e+01 1.554529516300875791e+01 1.490952884318320670e+01 1.347974358321645028e+01 1.278825456052979170e+01 1.098191105947466717e+01 9.149118377959906567e+00 7.399973272843696215e+00 6.873623093612216017e+00 1.946474761124089170e+01 1.824307181342062734e+01 1.670867398117129099e+01 1.571129649359252767e+01 1.514572723587703251e+01 1.379206227184541866e+01 1.313000285173988324e+01 1.139880412838274815e+01 9.647818103107866250e+00 7.980123203336475513e+00 7.479136733054437158e+00 1.947008814397165111e+01 1.825364321066966156e+01 1.677231643988442755e+01 1.591708072172521682e+01 1.543811239023892590e+01 1.417784316681104606e+01 1.355092566174223023e+01 1.190814168541882268e+01 1.024901149257039279e+01 8.675279831056293744e+00 8.202983275281356512e+00 1.947730032977388248e+01 1.826686778035576353e+01 1.685120714960484278e+01 1.617038051277931743e+01 1.579762824614074823e+01 1.465054468822579814e+01 1.406638583561228906e+01 1.252753895003229800e+01 1.097561654477612159e+01 9.504101336863531202e+00 9.060822522312474092e+00 1.948649933117214417e+01 1.828395669438877391e+01 1.694833721554292438e+01 1.647973884784638798e+01 1.623594694997401078e+01 1.522508418522019191e+01 1.469144866630414725e+01 1.327364176089098180e+01 1.184181010715644433e+01 1.049063005170343210e+01 1.008016353595481007e+01
2.297003802797275185e+01 2.152295148114768963e+01 1.966203582712688558e+01 1.827315068522804253e+01 1.745587031094750330e+01 1.572738908522701884e+01 1.490423566310784054e+01 1.276776018719104755e+01 1.061474692339383807e+01 8.564718902797549660e+00 7.949667999263311025e+00 2.297516813883097342e+01 2.153216074871776797e+01 1.972115974447770981e+01 1.846699120916305858e+01 1.773243358861220642e+01 1.609211447339963286e+01 1.530260044671425845e+01 1.325209264136188736e+01 1.119177726055999145e+01 9.237284715840649696e+00 8.650450289961273853e+00 2.298227030280675365e+01 2.154430266526447468e+01 1.979520192951603974e+01 1.870769508809770443e+01 1.807509159295962320e+01 1.654315054393319784e+01 1.579427748665411357e+01 1.384553877977784175e+01 1.189053074466553639e+01 1.004297831413216535e+01 9.488942211524900472e+00 2.299058738324297479e+01 2.155963604817192447e+01 1.988702951265752361e+01 1.900437893065477013e+01 1.849669966886624906e+01 1.709678659677950918e+01 1.639712567874888904e+01 1.456886193139738239e+01 1.273676751441949762e+01 1.100751526527361435e+01 1.048691388271854841e+01 2.300175714499070878e+01 2.157931067988572593e+01 2.000007302523293617e+01 1.936729855517842225e+01 1.901251455548178981e+01 1.777166328552291930e+01 1.713064480881009999e+01 1.544248899673975828e+01 1.374940583993578080e+01 1.215764168160693082e+01 1.167539954727365448e+01
2.707834471244863650e+01 2.539040826181487276e+01 2.320129595301745695e+01 2.146340975191163380e+01 2.041937416246234704e+01 1.833264687444704677e+01 1.735381856532532296e+01 1.483158964398167967e+01 1.230356153321602086e+01 9.906381073683272476e+00 9.186854691674586348e+00 2.708525594083238275e+01 2.540102480766166337e+01 2.327026642855710037e+01 2.169016822184957505e+01 2.074188818931174083e+01 1.875762605483305379e+01 1.781793722738598618e+01 1.539439642858087431e+01 1.297328566816879025e+01 1.068386935333734478e+01 9.996730121482032771e+00 2.709196221193113630e+01 2.541496657432675121e+01 2.335653836123618277e+01 2.197175192590790616e+01 2.114302340662182189e+01 1.928449343217927137e+01 1.839198694035020765e+01 1.608559066067276788e+01 1.378484311024441489e+01 1.161745747469847778e+01 1.096834903340397638e+01 2.710256833505475882e+01 2.543262200102249082e+01 2.346358482982735083e+01 2.231917480244223739e+01 2.163814601425479367e+01 1.993329202561126934e+01 1.909731285563079339e+01 1.692975629664866588e+01 1.477057922202602924e+01 1.273908175471756365e+01 1.212876193324722074e+01 2.711555273012153222e+01 2.545504017603112246e+01 2.359591441700637304e+01 2.274494342924303325e+01 2.224384552510155544e+01 2.072556106436424628e+01 1.995718008797742016e+01 1.795211589630422822e+01 1.595315436728589731e+01 1.408021027797015634e+01 1.351464698680529253e+01
3.191427522186416965e+01 2.993535259567882179e+01 2.736269793460068200e+01 2.518923669386273545e+01 2.386335443237602760e+01 2.135178633559081618e+01 2.019004674709142577e+01 1.721632477334244626e+01 1.425266360226829576e+01 1.145012001597769569e+01 1.060983475614175831e+01 3.192235299890760203e+01 2.994798581566438500e+01 2.744337504238270853e+01 2.545403684468468342e+01 2.424052969675269154e+01 2.184705817540179140e+01 2.073004513245008695e+01 1.786914651086210171e+01 1.502697758674413642e+01 1.234870925174605816e+01 1.154579643022842994e+01 3.193007257081169215e+01 2.996426002613073791e+01 2.754404578140290738e+01 2.578381923223024685e+01 2.470971814656398280e+01 2.246202547832569962e+01 2.139943464656392180e+01 1.867252737158283082e+01 1.596955471135733617e+01 1.343090650341324022e+01 1.267183670729994738e+01 3.194214982890841270e+01 2.998535286669124034e+01 2.766940521345784987e+01 2.619125800579491781e+01 2.528923383343011011e+01 2.321982361162475073e+01 2.222328666022997368e+01 1.965667116462549302e+01 1.711634224956731387e+01 1.473382942023074449e+01 1.401935823259653269e+01 3.195805854096242982e+01 3.001233375416645899e+01 2.782440726891885419e+01 2.669099092036814014e+01 2.600128804524941373e+01 2.414879690441017956e+01 2.323058605609445948e+01 2.085115281462137204e+01 1.849480856652076710e+01 1.629486667471977057e+01 1.563103144731130278e+01
3.756832747983773402e+01 3.526955787397355380e+01 3.224887317140323972e+01 2.953455804947390817e+01 2.786141828986157520e+01 2.484469196890368892e+01 2.346732263819214026e+01 1.996692993880440881e+01 1.649806261317025502e+01 1.322660552013236313e+01 1.224812766549823451e+01 3.757606953760717516e+01 3.528466390619272630e+01 3.234318923493348308e+01 2.984420725742596403e+01 2.830106560709821295e+01 2.542105001694550381e+01 2.409505386047172948e+01 2.072402512610351621e+01 1.739297347835789154e+01 1.426444710440626196e+01 1.332798903835047533e+01 3.758864843932366995e+01 3.530382829982969639e+01 3.246101466075902664e+01 3.023014360677613865e+01 2.885011998605685335e+01 2.613831448192809859e+01 2.487515533148829761e+01 2.165818336887325302e+01 1.848652353824643058e+01 1.551669654655780306e+01 1.462823417828123240e+01 3.760155791674879566e+01 3.532838784696928514e+01 3.260791243350353596e+01 3.070756559453825218e+01 2.952957187253808868e+01 2.702372238350486811e+01 2.583715245098299818e+01 2.280458152276744599e+01 1.981892788364040925e+01 1.702813767398186684e+01 1.619190796626295281e+01 3.761950554606640651e+01 3.535993854243523771e+01 3.278972025076527075e+01 3.129439465284560384e+01 3.036393585703640952e+01 2.811045139445298346e+01 2.701563582716338274e+01 2.419886619198008404e+01 2.142519062736305813e+01 1.884304153515244451e+01 1.806673932573049868e+01
4.417073388168696368e+01 4.152190928622404442e+01 3.797516158871959391e+01 3.459658310357021094e+01 3.249897026309678694e+01 2.888362959718207890e+01 2.725484068343203248e+01 2.313974516943060067e+01 1.908384584431827946e+01 1.527056780569895444e+01 1.412973767934988167e+01 4.418060327342941918e+01 4.153958478036261681e+01 3.808564637549192611e+01 3.495831960853798392e+01 3.301210070234623117e+01 2.955399819201779010e+01 2.798406265086321554e+01 2.401660844476334944e+01 2.011745109944175169e+01 1.646589688674541918e+01 1.537379448860820474e+01 4.419239752147159805e+01 4.156243199526565490e+01 3.822403718220525093e+01 3.541031722136889215e+01 3.365242229063323975e+01 3.038929282064831128e+01 2.889156396718374609e+01 2.510090760088237616e+01 2.138349882405385571e+01 1.791414865326285621e+01 1.687766798459140105e+01 4.420999806466698345e+01 4.159159589060661233e+01 3.839638384988153774e+01 3.596973196905042869e+01 3.444662367305262052e+01 3.142271307206225828e+01 3.001226957738338541e+01 2.643373857673623917e+01 2.293066102636330328e+01 1.966683601298777972e+01 1.869107295191152218e+01 4.423126028503011753e+01 4.162893613342802723e+01 3.860942005128734422e+01 3.665839406931811340e+01 3.542541272169090405e+01 3.269391026549833867e+01 3.138960734070703396e+01 2.805982465852552821e+01 2.479990536050432581e+01 2.177490408375871667e+01 2.086695883501250037e+01
5.188032511015079962e+01 4.882747925428790126e+01 4.467310082943464522e+01 4.048347525777042932e+01 3.787009830274936917e+01 3.354717272405206785e+01 3.162496077256145455e+01 2.679536339939022582e+01 2.205892125929842251e+01 1.761820000782658369e+01 1.629078905735686789e+01 5.189164738602934079e+01 4.884841565163908683e+01 4.480259673659332265e+01 4.090643013382895532e+01 3.846776348865396500e+01 3.432592302722694200e+01 3.247149993854045391e+01 2.781047003025801700e+01 2.325237229022128815e+01 1.899578249073146452e+01 1.772506253683740596e+01 5.190561022020840198e+01 4.887526370681120369e+01 4.496510176200533948e+01 4.143487379163643425e+01 3.921497229512719684e+01 3.529825763252799931e+01 3.352665420580234468e+01 2.906836814644502098e+01 2.471811981276831460e+01 2.066886218132649233e+01 1.946010748871731977e+01 5.192590570311107001e+01 4.890953495831716680e+01 4.516757454816369943e+01 4.209038044811028101e+01 4.014336896075269578e+01 3.650304436213832560e+01 3.483233308775448478e+01 3.061614049580445496e+01 2.651126816587326829e+01 2.269905780061755962e+01 2.155899602886542610e+01 5.195032240758020947e+01 4.895344188478232894e+01 4.541803579788655298e+01 4.289829349874203501e+01 4.128920021072627833e+01 3.798834560875791055e+01 3.643945209022934506e+01 3.251053784149784320e+01 2.868448368230360401e+01 2.514383530516754561e+01 2.408448800196165251e+01
6.086462493028771803e+01 5.735757239375133310e+01 5.249579276039358433e+01 4.732129271880513954e+01 4.408443888249364306e+01 3.892992985113036042e+01 3.666346527357310947e+01 3.100329875341962094e+01 2.547952418567811250e+01 2.031505507973022162e+01 1.877194561334655276e+01 6.087840572707577991e+01 5.738229356448868401e+01 5.264751787717135301e+01 4.781544787796763529e+01 4.478097314280606156e+01 3.983363781388251823e+01 3.764471559444798743e+01 3.217701203219939288e+01 2.685574332344675241e+01 2.190130387803052159e+01 2.042161761245899498e+01 6.089462276199500224e+01 5.741400475503396450e+01 5.283813853142346062e+01 4.843319949353175957e+01 4.565214972831905271e+01 4.096364211739278005e+01 3.887015432814671101e+01 3.363348618241511900e+01 2.855046265605749767e+01 2.383112400072563375e+01 2.242418108328344672e+01 6.091781052553523779e+01 5.745470337380462666e+01 5.307592484958853163e+01 4.920062850783916275e+01 4.673547443376923383e+01 4.236582890638033660e+01 4.038851745724766573e+01 3.543060177617284978e+01 3.062726813005838977e+01 2.618030444692853820e+01 2.485357590512338888e+01 6.094766265305364783e+01 5.750652511928268495e+01 5.337065363219310399e+01 5.014773523259235333e+01 4.807424734802949473e+01 4.409881288521280851e+01 4.226194043482780671e+01 3.763541988216179135e+01 3.315306126521052477e+01 2.901370317334011162e+01 2.777799953197684601e+01
7.131515734896841252e+01 6.729503210569059490e+01 6.161382756112591608e+01 5.525112644799118300e+01 5.126691851899293084e+01 4.513411540812117551e+01 4.246777309129564770e+01 3.584358671207120040e+01 2.941017035457058881e+01 2.340924308254237118e+01 2.161854657807169744e+01 7.133048721204760056e+01 6.732411942972251495e+01 6.179189361996276375e+01 5.582748706163402375e+01 5.207596399216428296e+01 4.618198564443268594e+01 4.360427451196292026e+01 3.720036847938447977e+01 3.099762995372357466e+01 2.523413809211690051e+01 2.351682256237345214e+01 7.135115310099992314e+01 6.736143623685386217e+01 6.201555495886830727e+01 5.654900566391537353e+01 5.309074651673812184e+01 4.749388178788511539e+01 4.502510870206560156e+01 3.888637385167559302e+01 3.295327838265140485e+01 2.745955899670991940e+01 2.582313749673653192e+01 7.137778315387036798e+01 6.740920077469884575e+01 6.229439560604968307e+01 5.744652254538820557e+01 5.435332627171825948e+01 4.912525178619522137e+01 4.678940860465828422e+01 4.096901684694515922e+01 3.535675329854021243e+01 3.017612629984310502e+01 2.863025633731281516e+01 7.141181256635307761e+01 6.747031245405028699e+01 6.264122337961656939e+01 5.855599772146342730e+01 5.591695456491316918e+01 5.114317646116332128e+01 4.897114109292932227e+01 4.353149710902746250e+01 3.828660964002062173e+01 3.345464379802459121e+01 3.201713965597429024e+01
8.344472365511124679e+01 7.885066107277080505e+01 7.222149549553711267e+01 6.443306587489929882e+01 5.955658901725031029e+01 5.227660606236569407e+01 4.914671345405378133e+01 4.140786388502890247e+01 3.392333130769810623e+01 2.696050164336476485e+01 2.488286785746852559e+01 8.346282387977956319e+01 7.888521183565549677e+01 7.243035592546372925e+01 6.510550294368020730e+01 6.049659723181100190e+01 5.349107022340854201e+01 5.046205772947336499e+01 4.297305371865185464e+01 3.575004825491655680e+01 2.905809937547472899e+01 2.706386359212238091e+01 8.348739866629918538e+01 7.892937199199084830e+01 7.269241454684474490e+01 6.594726237688588810e+01 6.167544190025984108e+01 5.501300724414966936e+01 5.210873789387561317e+01 4.492185964540107790e+01 3.800815889265201264e+01 3.161994568568731623e+01 2.971948009481873143e+01 8.351818261251753484e+01 7.898609904675676319e+01 7.301997158154453871e+01 6.699613269243407387e+01 6.314620457610809012e+01 5.690747141079886973e+01 5.415602493226948866e+01 4.733445090032580538e+01 4.078794555846828018e+01 3.475772595051607539e+01 3.296082880153124250e+01 8.355802335649021018e+01 7.905867936854414779e+01 7.342700757901690167e+01 6.829380813761414970e+01 6.497033087771492887e+01 5.925620910713846001e+01 5.669199662377089055e+01 5.030914951582577288e+01 4.418196898290454300e+01 3.855074235747056122e+01 3.687740126378976413e+01
9.748514006289579470e+01 9.225444628467273844e+01 8.453749808835647173e+01 7.504926305686812782e+01 6.911208043225336439e+01 6.049335439545945547e+01 5.682385633801884239e+01 4.779542906158428650e+01 3.910213610154328734e+01 3.102973058204082690e+01 2.862380114786568797e+01 9.750679332522200582e+01 9.229545589468125399e+01 8.478190392241222639e+01 7.583159426019088301e+01 7.020274083113619668e+01 6.189884849406713840e+01 5.834476023943744138e+01 4.960128185038801263e+01 4.120293877726738430e+01 3.343932564420574494e+01 3.112767562655544040e+01 9.753538176543074201e+01 9.234775535747866115e+01 8.508925341691021060e+01 7.681335755807604926e+01 7.157219936663830140e+01 6.366110508028072701e+01 6.025130976287555740e+01 5.185369041251952638e+01 4.380667915658924727e+01 3.638992112558668168e+01 3.418385413770639047e+01 9.757143573699778472e+01 9.241498561594197270e+01 8.547328132687972868e+01 7.803693318370119414e+01 7.328190936934984734e+01 6.585940481780495759e+01 6.262504093251629911e+01 5.464408067205251740e+01 4.701482957334599888e+01 4.000723112915894575e+01 3.792135658993291969e+01 9.761853969665347108e+01 9.250038958705788161e+01 8.595101638531467358e+01 7.955352046803757560e+01 7.540571872454451352e+01 6.858908219885734070e+01 6.556926457296273725e+01 5.809216965558426438e+01 5.094765626391796332e+01 4.439065213707686297e+01 4.244667541617924655e+01
1.137286308068922551e+02 1.077806957630987483e+02 9.880860611737696786e+01 8.730184739865217125e+01 8.011242503599446252e+01 6.993464819029881596e+01 6.564097756435943154e+01 5.512582953086639037e+01 4.503740713018008535e+01 3.569450879741253857e+01 3.291073627154267456e+01 1.137536279753901312e+02 1.078285071753075357e+02 9.909445595549195218e+01 8.821272922213245238e+01 8.137697696566868899e+01 7.155889800455767613e+01 6.739816751605886225e+01 5.720598464161714247e+01 4.745521043788917837e+01 3.845685435853179968e+01 3.578057028902826886e+01 1.137870927408528701e+02 1.078899194808671780e+02 9.945379402555217041e+01 8.935559368874233144e+01 8.296567279668126105e+01 7.359812188823268286e+01 6.960162360094577139e+01 5.980402148110553640e+01 5.045298524368447346e+01 4.185157698491126865e+01 3.929438032969565597e+01 1.138297277934735519e+02 1.079683024990636682e+02 9.990360160852665672e+01 9.078086713762381521e+01 8.495129437371603842e+01 7.614480318582963037e+01 7.234969691607049924e+01 6.303012952189441620e+01 5.415333506842928557e+01 4.602124408231296826e+01 4.360210482302115764e+01 1.138847886549186228e+02 1.080687940700612160e+02 1.004634617254375399e+02 9.255087355832236540e+01 8.742080002258217064e+01 7.931151286564643499e+01 7.576351737224548799e+01 6.702265623482236379e+01 5.870047805633952009e+01 5.108028872130682885e+01 4.882278084297598042e+01
1.324784118532234629e+02 1.257269392765989409e+02 1.153134349596113282e+02 1.014230353350682776e+02 9.276009208156672514e+01 8.077106145176804830e+01 7.575737646173908502e+01 6.352835473160286739e+01 5.183993868523827331e+01 4.103430291287627796e+01 3.781569787948049566e+01 1.325078191337923670e+02 1.257825937398856553e+02 1.156471478681810083e+02 1.024799427194738257e+02 9.422314296574431580e+01 8.264653750929235798e+01 7.778396683952033186e+01 6.592309053050968259e+01 5.461548762000823132e+01 4.420234304749579479e+01 4.110711514083595830e+01 1.325460230427107717e+02 1.258535125458336950e+02 1.160671106049849755e+02 1.038083514711872084e+02 9.606351949277816971e+01 8.500396894728098118e+01 8.032826121993292645e+01 6.891794618284313856e+01 5.806645455267518230e+01 4.810192356808572356e+01 4.514211380644886873e+01 1.325955424059106065e+02 1.259443817412617932e+02 1.165929289500548975e+02 1.054681322243426251e+02 9.836591482850188584e+01 8.795031607587173994e+01 8.350655710025877454e+01 7.264065426305576523e+01 6.232950890309109582e+01 5.290114419449856342e+01 5.010169144445978162e+01 1.326585179560911740e+02 1.260613098370851475e+02 1.172479818785420065e+02 1.075290399725895298e+02 1.012336588558166568e+02 9.161881052027787575e+01 8.745917860841339575e+01 7.725859238554006936e+01 6.758263250017843404e+01 5.873783405293439586e+01 5.611651691264317776e+01
1.540465439908203393e+02 1.464321573508659355e+02 1.343578376654710667e+02 1.176681095037390747e+02 1.072816739713857004e+02 9.319482550846846891e+01 8.735158340834234991e+01 7.315244991968911847e+01 5.962681721733629558e+01 4.714619925518460519e+01 4.342997119298947695e+01 1.540813154984715823e+02 1.464980998978414846e+02 1.347472223995936247e+02 1.188939396845575800e+02 1.089728559823084026e+02 9.535747862163282207e+01 8.968718975238138569e+01 7.590652252704394698e+01 6.281272653653353899e+01 5.077384563149689711e+01 4.719825120572421895e+01 1.541250535754007274e+02 1.465821597735588000e+02 1.352375932860792602e+02 1.204352633773399219e+02 1.111009453318750815e+02 9.807743353951100573e+01 9.262109513487260415e+01 7.935414858849424036e+01 6.677820765604803910e+01 5.525155410717851368e+01 5.182861475196144596e+01 1.541822296520364830e+02 1.466900059581004143e+02 1.358516552408449343e+02 1.223639198953187162e+02 1.137679425502528545e+02 1.014825562943744330e+02 9.629040029056351102e+01 8.364761544637637769e+01 7.168707865742874219e+01 6.077176481204739389e+01 5.753149471063998277e+01 1.542572897705328216e+02 1.468277095578473279e+02 1.366167404897109918e+02 1.247608780711658767e+02 1.170912454427075176e+02 1.057271144099202758e+02 1.008615277950135862e+02 8.897889677742685421e+01 7.774774394868759941e+01 6.749740379360785880e+01 6.445826781778730208e+01
1.788443412119588629e+02 1.702536369984182159e+02 1.562881706804149076e+02 1.363251288272145700e+02 1.239295766521740916e+02 1.074218476852192623e+02 1.006240329070207622e+02 8.416410554014586864e+01 6.853314099670724602e+01 5.413362454475910823e+01 4.984902074381677295e+01 1.788844803862846788e+02 1.703299149987660996e+02 1.567414886322312952e+02 1.377445572026429943e+02 1.258817226268866563e+02 1.099134147855097723e+02 1.033131891008703178e+02 8.732896357383121710e+01 7.218845950305387760e+01 5.828818993288899009e+01 5.415998080787097280e+01 1.789348267268454435e+02 1.704278906231121482e+02 1.573125245699905292e+02 1.395306008240732751e+02 1.283401492477065631e+02 1.130486373328883900e+02 1.066936581081144482e+02 9.129472096395053882e+01 7.674222716511360431e+01 6.342503095033839600e+01 5.947099787072878740e+01 1.790018921546051445e+02 1.705537077545865259e+02 1.580280680496470893e+02 1.417680899978682589e+02 1.314228813391932533e+02 1.169778783866083387e+02 1.109244290305587128e+02 9.623922010976248487e+01 8.238660318428829044e+01 6.976492440701612452e+01 6.602260731956073414e+01 1.790882236491503079e+02 1.707144472423599666e+02 1.589209774086786524e+02 1.445507740137669259e+02 1.352701805099048897e+02 1.218808032263951873e+02 1.162018770548452125e+02 1.023884990517528450e+02 8.937022221114133913e+01 7.751010873835093662e+01 7.399255355876827878e+01
2.072867351532705413e+02 1.976090819047265654e+02 1.814892271518439202e+02 1.577150862604797794e+02 1.429907824757388255e+02 1.236945879842364064e+02 1.158038313693635644e+02 9.675354611615152578e+01 7.871442950143395478e+01 6.212079402642683590e+01 5.718493340143733406e+01 2.073316817433885433e+02 1.976980604199197842e+02 1.820158412668468486e+02 1.593571964261263645e+02 1.452409847426808938e+02 1.265609275398186213e+02 1.188944078653016447e+02 1.003868981320150482e+02 8.290201248029600833e+01 6.687354835019104371e+01 6.211344306462410003e+01 2.073911407583504172e+02 1.978118515413681564e+02 1.826793607387037639e+02 1.614232899395817071e+02 1.480770329493570614e+02 1.301702126487811881e+02 1.227828938332524729e+02 1.049438086128279934e+02 8.812738103794707456e+01 7.276101865163317939e+01 6.819971499814602112e+01 2.074685586256282761e+02 1.979572760714049764e+02 1.835115116183736177e+02 1.640129385662716572e+02 1.516354672726179729e+02 1.346975216933755064e+02 1.276571797912357056e+02 1.106299489352926031e+02 9.461148323999124443e+01 8.003368262217038875e+01 7.571654759482514407e+01 2.075689599911183905e+02 1.981442870658550817e+02 1.845495971025246433e+02 1.672386218242222640e+02 1.560790129755914677e+02 1.403529419601066479e+02 1.337409837128140282e+02 1.177128612238238077e+02 1.026485432581436328e+02 8.894504863701170905e+01 8.488074195490160889e+01
2.398223641196325389e+02 2.289552958626709653e+02 2.103855006907870120e+02 1.821974958617257698e+02 1.647815091696240017e+02 1.422859468427803620e+02 1.331421299958454085e+02 1.111332236495984063e+02 9.034157811093346879e+01 7.124331487646452388e+01 6.556384210515615507e+01 2.398753301591105185e+02 2.290588746385660670e+02 2.109958703655636612e+02 1.840918399235537208e+02 1.673709375625356017e+02 1.455787449501590345e+02 1.366918971032259265e+02 1.152982946733609424e+02 9.513663540812909503e+01 7.667362226606240938e+01 7.119456791667124662e+01 2.399436281514166467e+02 2.291916433953849435e+02 2.117649684500886451e+02 1.864784594599919387e+02 1.706363528456544145e+02 1.497281069834690186e+02 1.411600042922865157e+02 1.205280936501820719e+02 1.011268163166133576e+02 8.341802563763145884e+01 7.816251773878472875e+01 2.400343947284064541e+02 2.293607289540061345e+02 2.127309976510221361e+02 1.894710926232710904e+02 1.747383381969340803e+02 1.549376354846527022e+02 1.467663744938418233e+02 1.270621716627708651e+02 1.085670989073166908e+02 9.175187889762140969e+01 8.677682802292875408e+01 2.401471017613990853e+02 2.295780557615711075e+02 2.139365770245459260e+02 1.932016356423765160e+02 1.798633446226909314e+02 1.614502736431055894e+02 1.537699441863530865e+02 1.352087931824206919e+02 1.178058354142268485e+02 1.019937890626086556e+02 9.730508701607971034e+01
2.769793253747626522e+02 2.647979580085964244e+02 2.434476778083123918e+02 2.101695577619380231e+02 1.896573002292327033e+02 1.634999359119704536e+02 1.529278373240411781e+02 1.275401109161191329e+02 1.036127527676868567e+02 8.165529077319860107e+01 7.512617788265590946e+01 2.770404495989254201e+02 2.649172726932361002e+02 2.441533932513982563e+02 2.123520889078418179e+02 1.926332642632576437e+02 1.672772155953480819e+02 1.569967608394907472e+02 1.323125252059957688e+02 1.090942570671934106e+02 8.785744066239259098e+01 8.155392889266884993e+01 2.771203060350042620e+02 2.650703968915606765e+02 2.450438050846331350e+02 2.151029397168791206e+02 1.963876180048270044e+02 1.720413468733194975e+02 1.621247946762036634e+02 1.383052909001916646e+02 1.159526413498611390e+02 9.557511052549232033e+01 8.952671393936520872e+01 2.772218857771570697e+02 2.652660667937994390e+02 2.461618544766504897e+02 2.185552796559168485e+02 2.011073948628252310e+02 1.780281006526194574e+02 1.685645778291854526e+02 1.458056747313984545e+02 1.244831891529476025e+02 1.051154648228953334e+02 9.938727339647569181e+01 2.773513207508636356e+02 2.655165795852234396e+02 2.475578498704243486e+02 2.228613892570104440e+02 2.070085162261302685e+02 1.855151994852454322e+02 1.766146017138841842e+02 1.551640532563113482e+02 1.350896614904727642e+02 1.168741111710332063e+02 1.114728635467943860e+02
3.193362091948782790e+02 3.056844870334173265e+02 2.811981056521999562e+02 2.420735222825043422e+02 2.180145396950261443e+02 1.876762288965032042e+02 1.754754440942597000e+02 1.462438958161201299e+02 1.187433325633957821e+02 9.353236669665479042e+01 8.603578358411074589e+01 3.194057936186307529e+02 3.058217835113303522e+02 2.820131398773750675e+02 2.445839694096290202e+02 2.214291388021311775e+02 1.920065432947693296e+02 1.801389831944131856e+02 1.517047102597168191e+02 1.250087326580545124e+02 1.006102198354542026e+02 9.336880541966925762e+01 3.194959204499076577e+02 3.059983917718581665e+02 2.830409840645014015e+02 2.477492886825224900e+02 2.257393053740816526e+02 1.974676874612059976e+02 1.860140266247017848e+02 1.585651253401892404e+02 1.328521705703448106e+02 1.094313674498698248e+02 1.024804512288077376e+02 3.196122387784355965e+02 3.062250215773466948e+02 2.843320848877241360e+02 2.517245652604984230e+02 2.311611253685648819e+02 2.043357293364628333e+02 1.934015946740022116e+02 1.671631843469450587e+02 1.426214196224977968e+02 1.203416355784740972e+02 1.137550465697850939e+02 3.197630312344497838e+02 3.065146034580082528e+02 2.859447256563842643e+02 2.566852293604071065e+02 2.379432786242563225e+02 2.129321969034877213e+02 2.026396548243820064e+02 1.778984038619359183e+02 1.547844257866026396e+02 1.338284088471334314e+02 1.276134724464169068e+02
3.675160509470291572e+02 3.522459196209786683e+02 3.242159856513683849e+02 2.784037665084124455e+02 2.502938312469418349e+02 2.151972166831213542e+02 2.011460764339402942e+02 1.675466748918746589e+02 1.359834162167960585e+02 1.070695570455043253e+02 9.847195316440772217e+01 3.675925503491758377e+02 3.524033905209348632e+02 3.251543931982794220e+02 2.812856830601811566e+02 2.542063473678323362e+02 2.201524828565755456e+02 2.064805171611377261e+02 1.737846927561175505e+02 1.431344748516578989e+02 1.151417083998386630e+02 1.068296554112811947e+02 3.676953757625539652e+02 3.526066096119325834e+02 3.263381012829029828e+02 2.849207651609715413e+02 2.591466739952234093e+02 2.264054828201441296e+02 2.132062286575481096e+02 1.816309841095107060e+02 1.520937712342565931e+02 1.252107943301445800e+02 1.172336890624229824e+02 3.678282960454500312e+02 3.528667100476978362e+02 3.278263734842672648e+02 2.894887374273898786e+02 2.653641560049529176e+02 2.342743722337391716e+02 2.216663505251182187e+02 1.914766173353752379e+02 1.632731022578120417e+02 1.376803319280909932e+02 1.301128292421013839e+02 3.680019845405029741e+02 3.531987742221734834e+02 3.296848780205141338e+02 2.951927231736779049e+02 2.731446907482290385e+02 2.441263042263487648e+02 2.322526411450468231e+02 2.037707523194730754e+02 1.772002725340962286e+02 1.531272158321960433e+02 1.459890690273122118e+02
4.222330387063890953e+02 4.051671755539001083e+02 3.731380128873083208e+02 3.197069036899857792e+02 2.869859971000035443e+02 2.464882632109972747e+02 2.303385712234069445e+02 1.917800956823426475e+02 1.556077117092838193e+02 1.224899604479729618e+02 1.126408529908809157e+02 4.223210911327196868e+02 4.053489282885698799e+02 3.742157650480995130e+02 3.230087547881691421e+02 2.914612950145305490e+02 2.521498586129145849e+02 2.364327783855538314e+02 1.989039279232212607e+02 1.637648145248378171e+02 1.316872184056729793e+02 1.221590141423271234e+02 4.224381055093589907e+02 4.055816821081052126e+02 3.755763794795200283e+02 3.271775472265341591e+02 2.971157456441582099e+02 2.593006177918462640e+02 2.441197853674065357e+02 2.078663668107156184e+02 1.739871843071762783e+02 1.431711839126105588e+02 1.340284350304881684e+02 4.225896466877040325e+02 4.058798426269021888e+02 3.772863822145267250e+02 3.324167123530746153e+02 3.042342140169421327e+02 2.683019573705515199e+02 2.537963996084288283e+02 2.191208522517534902e+02 1.867655911095706358e+02 1.574084965466535664e+02 1.487255053766620847e+02 4.227854769946636111e+02 4.062601611057796163e+02 3.794232095417178812e+02 3.389605056931135323e+02 3.131454102864476567e+02 2.795754981297721997e+02 2.659115000848652244e+02 2.331859993748427371e+02 2.026932559805769074e+02 1.750817781493184953e+02 1.668949065042400264e+02
4.842590615478720224e+02 4.651968743132904933e+02 4.286864427379319977e+02 3.665937774257902220e+02 3.286411593484334617e+02 2.820225696167572664e+02 2.634967423530372912e+02 2.193260371129068744e+02 1.779309856304352024e+02 1.400425214903824269e+02 1.287737035515451112e+02 4.843619792361121199e+02 4.654047939936931471e+02 4.299221226017664321e+02 3.703711182587194912e+02 3.337525558504117953e+02 2.884862492850745070e+02 2.704499613686438124e+02 2.274484920747693764e+02 1.872210703414057775e+02 1.505118547545451690e+02 1.396056338953519855e+02 4.844957489773281623e+02 4.656710288374735569e+02 4.314820626149993359e+02 3.751402256797609880e+02 3.402131349317165814e+02 2.966481589710840581e+02 2.792268158937736189e+02 2.376729785941102193e+02 1.988776598539025144e+02 1.635925631987271913e+02 1.531270162679189468e+02 4.846670402474852608e+02 4.660114991232031230e+02 4.334434602139185699e+02 3.811383908640303275e+02 3.483499889931771918e+02 3.069314283179746781e+02 2.902789039714505748e+02 2.505272078571006205e+02 2.134630071542581788e+02 1.798370114518894241e+02 1.698862490942822774e+02 4.848904959929771508e+02 4.664469692759002442e+02 4.358942253451357942e+02 3.886326455080469486e+02 3.585395046799137617e+02 3.198142030969349889e+02 3.041186637950824547e+02 2.665924671967699169e+02 2.316543964050214299e+02 2.000321296238891478e+02 1.906560138350030229e+02
5.544582986626126058e+02 5.332030571048600223e+02 4.916494950999932030e+02 4.197421087400560964e+02 3.758684890449186469e+02 3.223321669805204692e+02 3.011201806695978576e+02 2.506040577715405675e+02 2.032955937734911345e+02 1.600076358588965775e+02 1.471264500655944971e+02 5.545750169404350345e+02 5.334407849709061793e+02 4.930628273834711308e+02 4.240564760597645773e+02 3.816992074711025680e+02 3.296968675139881952e+02 3.090446159931266266e+02 2.598537696622649378e+02 2.138715875017689712e+02 1.719156202808675573e+02 1.594469924379021961e+02 5.547264424302837824e+02 5.337449918118925325e+02 4.948476369404160096e+02 4.295047810221186637e+02 3.890701161348345067e+02 3.390065096299643983e+02 3.190509326651633728e+02 2.715104230087287078e+02 2.271453042974285950e+02 1.867996743443818843e+02 1.748334994429991411e+02 5.549212037728909763e+02 5.341337559447082413e+02 4.970915918211624103e+02 4.363584378943790512e+02 3.983562381902600578e+02 3.507347013875213975e+02 3.316569340806519790e+02 2.861673489600742073e+02 2.437794494374096814e+02 2.053149600268860695e+02 1.939303990045322905e+02 5.551733041499223873e+02 5.346300120068963224e+02 4.998959400633516452e+02 4.449258335468903738e+02 4.099881097543802184e+02 3.654327309313443948e+02 3.474475359208516352e+02 3.044942697670575740e+02 2.645282943913578606e+02 2.283643314014605892e+02 2.176416925431094285e+02
6.338413340038409842e+02 6.101342666815207849e+02 5.629160854959484368e+02 4.799138048748031338e+02 4.293537562952133158e+02 3.680091366921380427e+02 3.437661492156766485e+02 2.860843734060174484e+02 2.320989897713945993e+02 1.827023210416557504e+02 1.679961305049178293e+02 6.339744520545312980e+02 6.104044128112317367e+02 5.645299688399773004e+02 4.848326102815390755e+02 4.359946780939282007e+02 3.763921687508690752e+02 3.527847026268856325e+02 2.966096229101858057e+02 2.441243618587733408e+02 1.962310898361651255e+02 1.819922465100029285e+02 6.341443313132027697e+02 6.107499411018467299e+02 5.665674083655087543e+02 4.910463986374696788e+02 4.443917321574485300e+02 3.869927349787807884e+02 3.641799937228158797e+02 3.098805932621120292e+02 2.592261811598623922e+02 2.131507759312855228e+02 1.994829701634265575e+02 6.343652228137268594e+02 6.111916306392081424e+02 5.691286971611591525e+02 4.988647604537495681e+02 4.549738080753886038e+02 4.003540721632566601e+02 3.785380964876292751e+02 3.265753991737726665e+02 2.781714368774452737e+02 2.342373518360651587e+02 2.212223313877977944e+02 6.346498001071329327e+02 6.117555435078489836e+02 5.723317760134423224e+02 5.086419381166986682e+02 4.682322226747609761e+02 4.171014968212597864e+02 3.965308496369864315e+02 3.474560814938292310e+02 3.018071590153467127e+02 2.605070259160666524e+02 2.482650180681984295e+02
7.234988737077968608e+02 6.970518911918542244e+02 6.434830510652769817e+02 5.479597538401537804e+02 4.898608576523845386e+02 4.197143925461078879e+02 3.920566913198405814e+02 3.262970903229175974e+02 2.647739453557167622e+02 2.084758732202956537e+02 1.917062339909008415e+02 7.236480600981620910e+02 6.973582213242382295e+02 6.453218148296558638e+02 5.535597833972641411e+02 4.974142461309348846e+02 4.292468321063435042e+02 4.023091684324603534e+02 3.382590320224809943e+02 2.784328587471584342e+02 2.238352353955141609e+02 2.075983856808119015e+02 7.238410513257679213e+02 6.977505018990196959e+02 6.476438203515594978e+02 5.606362402370980362e+02 5.069681355512949494e+02 4.413021151664325430e+02 4.152711724055969853e+02 3.533515608804801218e+02 2.956015113861138843e+02 2.430516434458201331e+02 2.274582526689179360e+02 7.240917633258106889e+02 6.982522530956497349e+02 6.505623554988378601e+02 5.695402418660651165e+02 5.190092331607528422e+02 4.565017349036011183e+02 4.316045777504629655e+02 3.723445774292723058e+02 3.171553657153327777e+02 2.670416891078675690e+02 2.521852108109963524e+02 7.244145202034965223e+02 6.988930775881756290e+02 6.542133320446039306e+02 5.806790480051172381e+02 5.341001641728819322e+02 4.755586609628857673e+02 4.520782845625151367e+02 3.961064860935512115e+02 3.440447287265054683e+02 2.969467497856223304e+02 2.829849967310052534e+02
8.246823590589681316e+02 7.951697710420480689e+02 7.344731657084166727e+02 6.248388595728805512e+02 5.582491394448400115e+02 4.781932750986569545e+02 4.466897689461984555e+02 3.718311175349415976e+02 3.018109979516249268e+02 2.377281135840943591e+02 2.186288530646231152e+02 8.248511581239714587e+02 7.955170467983328990e+02 7.365644422227099994e+02 6.312045374208603334e+02 5.668295218229199008e+02 4.890187144804610284e+02 4.583349950190501545e+02 3.854132783718338828e+02 3.173104251295538347e+02 2.551490143713155589e+02 2.366536850215378252e+02 8.250694304852323739e+02 7.959621327381038327e+02 7.392048512025003220e+02 6.392514993960656966e+02 5.776864234157336568e+02 5.027143600881780117e+02 4.730588273907142707e+02 4.025592418389160230e+02 3.368111725276818333e+02 2.769530583230525167e+02 2.591824685834887418e+02 8.253510738105873088e+02 7.965309181874647493e+02 7.425270027523863519e+02 6.493785747584764749e+02 5.913696922342395510e+02 5.199829758216725395e+02 4.916172862021028322e+02 4.241411182359259442e+02 3.613030085259500197e+02 3.042216941325559105e+02 2.872835787342664844e+02 8.257162439118521888e+02 7.972576072518970705e+02 7.466786026773056619e+02 6.620475717289654085e+02 6.085243971997550716e+02 5.416417431675764647e+02 5.148852149193578498e+02 4.511499417889365873e+02 3.918655632004656582e+02 3.382179687844853788e+02 3.223196535773106461e+02
9.388012859380133932e+02 9.058520678843768792e+02 8.371549799334618456e+02 7.116270314103637702e+02 6.354847018389832556e+02 5.442781467614296389e+02 5.084483193449813712e+02 4.233512694419905529e+02 3.437613575490444191e+02 2.709012472776479967e+02 2.491763218792341377e+02 9.389918467700068732e+02 9.062448812272771193e+02 8.395287168295378706e+02 7.188552638110749058e+02 6.452215029454799833e+02 5.565607665503789576e+02 5.216587114655433197e+02 4.387554823054064173e+02 3.613289833970840732e+02 2.906371311548442122e+02 2.695949524676868236e+02 9.392368911751000269e+02 9.067482204011113254e+02 8.425291422692449714e+02 7.279932332308277410e+02 6.575435929145535283e+02 5.721034525441972391e+02 5.383678650552468525e+02 4.582130172825109753e+02 3.834565429269565584e+02 3.153628300020286588e+02 2.951336003393766987e+02 9.395557129184393261e+02 9.073919149347754001e+02 8.463007468376171119e+02 7.394950593114649564e+02 6.730744310824666172e+02 5.916989805874766262e+02 5.594286440974256038e+02 4.827063026493232201e+02 4.112614916342345737e+02 3.463297291333602175e+02 3.270440648753557866e+02 9.399674217943693293e+02 9.082133720497981813e+02 8.510173987668648579e+02 7.538883438294046755e+02 6.925515175801632495e+02 6.162879590730968857e+02 5.858490679308569042e+02 5.133752314466876214e+02 4.459587720776493143e+02 3.849268000337696094e+02 3.668441956468192870e+02
1.067455377251464370e+03 1.030646978241546321e+03 9.529602327494980045e+02 8.095430707286118377e+02 7.226561149612653026e+02 6.189077679977418711e+02 5.782139149939566778e+02 4.815984627553744986e+02 3.912394270760867698e+02 3.084949863667537215e+02 2.838078244206989780e+02 1.067671083914061455e+03 1.031091787658337807e+03 9.556546098771935931e+02 8.177407188594454510e+02 7.336931599222840532e+02 6.328297279073219670e+02 5.931863328114458227e+02 4.990538638378241103e+02 4.111348744820344905e+02 3.308301058699167925e+02 3.069132177901394698e+02 1.067947149373918592e+03 1.031660899538382182e+03 9.590566157055595795e+02 8.281072279363222606e+02 7.476641945736681691e+02 6.504477175184458702e+02 6.121275872556518607e+02 5.211123055456700968e+02 4.362166697803980924e+02 3.588442603091654632e+02 3.358420206160171801e+02 1.068305762803291827e+03 1.032389466687474624e+03 9.633363055456446773e+02 8.411542361181014940e+02 7.652741436442180429e+02 6.726648464080521990e+02 6.360047457779976412e+02 5.488827783786729242e+02 4.677465023340931225e+02 3.939820430082855864e+02 3.720523163496667962e+02 1.068768614255598777e+03 1.033319648688057214e+03 9.686859404340391393e+02 8.574867451948263124e+02 7.873630939606346146e+02 7.005494454289507757e+02 6.659690244378531361e+02 5.836737955175231036e+02 5.071072868268649358e+02 4.377446757398602131e+02 4.172029160222845121e+02
1.212449940806327504e+03 1.171303452295162060e+03 1.083521723524023173e+03 9.199660352657458589e+02 8.209924744542755661e+02 7.031411179827276783e+02 6.569744853537509925e+02 5.474071153262095777e+02 4.449331332642793768e+02 3.510638886123663269e+02 3.230442257003570603e+02 1.212691459245221722e+03 1.171805922111572499e+03 1.086572626415015066e+03 9.292546211805484973e+02 8.334935061816642019e+02 7.189044409020556259e+02 6.739266435199299394e+02 5.671692890387012085e+02 4.674514048521967311e+02 3.763177175918463035e+02 3.491666456155629703e+02 1.213003323771209125e+03 1.172449170256962361e+03 1.090428564353358752e+03 9.410008066512401683e+02 8.493181024609500582e+02 7.388588466829208983e+02 6.953800487133913748e+02 5.921513202502349031e+02 4.958537416888048028e+02 4.080375480468644014e+02 3.819126282383916191e+02 1.213410923653587361e+03 1.173272467199088169e+03 1.095277378197469943e+03 9.557870294730602154e+02 8.692659398588809836e+02 7.640215818185876060e+02 7.224256577349073041e+02 6.236045521894110379e+02 5.315616620733603668e+02 4.478582801386731944e+02 4.229632811090020255e+02 1.213925068461868705e+03 1.174322218692241222e+03 1.101340011085917013e+03 9.742997060748544982e+02 8.942953752152063771e+02 7.956159709662839532e+02 7.563777856672411417e+02 6.630388465914954850e+02 5.761793915166473425e+02 4.974350289001399688e+02 4.741177790011287811e+02
1.375846264270007850e+03 1.329817851487601502e+03 1.230675199443485099e+03 1.044455580137376273e+03 9.318825186449034845e+02 7.981645034241047370e+02 7.458454616860536817e+02 6.217139234172781244e+02 5.056172160830738562e+02 3.992349814153236025e+02 3.674646833551630039e+02 1.376118056989502975e+03 1.330385478983731446e+03 1.234128807146306144e+03 1.054970715255084315e+03 9.460310237841309799e+02 8.160019957402752198e+02 7.650279832390568799e+02 6.440728466620636254e+02 5.310814857765971055e+02 4.277670545202315111e+02 3.969704486754806112e+02 1.376468982543436823e+03 1.331111805263755969e+03 1.238493227038403120e+03 1.068268850487904956e+03 9.639394529599774160e+02 8.385825065240616141e+02 7.893041692210525753e+02 6.723396785406226854e+02 5.632149907694295052e+02 4.636531441900576169e+02 4.340127856468532173e+02 1.376922994308986290e+03 1.332040732199927106e+03 1.243981163716204719e+03 1.085012207232240826e+03 9.865196490806663405e+02 8.670619850210615596e+02 8.199134480239881668e+02 7.079355167724177136e+02 6.036214465891272312e+02 5.087276155227223171e+02 4.804956031829575522e+02 1.377510412632727594e+03 1.333228580100025283e+03 1.250844523921504106e+03 1.105977746879654205e+03 1.014856057648936144e+03 9.028310836319241162e+02 8.583530526979999422e+02 7.525944699719601658e+02 6.541596224185392430e+02 5.648564660270799322e+02 5.384014184884169936e+02
1.559975206691594622e+03 1.508437123572561404e+03 1.396527024475939925e+03 1.184780621480482068e+03 1.056899452051204435e+03 9.053275926945761967e+02 8.460856943125895668e+02 7.055740893343795506e+02 5.741620887972728724e+02 4.537080196920501294e+02 4.177209168022100130e+02 1.560281381521519506e+03 1.509078723364080133e+03 1.400434345875555664e+03 1.196675727616824588e+03 1.072900543635873419e+03 9.254971292001431493e+02 8.677771342927034084e+02 7.308539818050903705e+02 6.029375961760729297e+02 4.859253025724536883e+02 4.510212289462007789e+02 1.560676875999567756e+03 1.509899735797533594e+03 1.405370632506817401e+03 1.211720309800802170e+03 1.093155772949967741e+03 9.510325049754042084e+02 8.952285411794675838e+02 7.628144780666550560e+02 6.392620677730780017e+02 5.264870366625739280e+02 4.928927779988268867e+02 1.561190071939583731e+03 1.510949105181394089e+03 1.411579260132323498e+03 1.230665376972707008e+03 1.118698917607962130e+03 9.832455379272174696e+02 9.298510143731396056e+02 8.030759275269581394e+02 6.849465468070909537e+02 5.774544636669016882e+02 5.454748285030140096e+02 1.561851163778177352e+03 1.512289912278299653e+03 1.419342579334715083e+03 1.254391086705551743e+03 1.150756765244162352e+03 1.023707996927641943e+03 9.733370566401133601e+02 8.536041262261849170e+02 7.421517597975417857e+02 6.409651250920458097e+02 6.109738832081670807e+02
1.767484236893176558e+03 1.709742174188109857e+03 1.583449695003478155e+03 1.342944908659265593e+03 1.197822155644256554e+03 1.026148595188072932e+03 9.591172252721562472e+02 8.001777266422059256e+02 6.515435775654560757e+02 5.152646821063251537e+02 4.745299113940100710e+02 1.767828351932346322e+03 1.710466355888491080e+03 1.587866072699232291e+03 1.356394355952811793e+03 1.215908573115342733e+03 1.048943709953464122e+03 9.836280599567468244e+02 8.287391971339795873e+02 6.840401888503643022e+02 5.516227187178260465e+02 5.121017469672950710e+02 1.768274471644038385e+03 1.711392926181755684e+03 1.593446272047193133e+03 1.373404520387423190e+03 1.238803104031132307e+03 1.077801653004677064e+03 1.014652484540376690e+03 8.648535147893117028e+02 7.250716740618956919e+02 5.974360867918441045e+02 5.593943314696207381e+02 1.768852110852842770e+03 1.712577343324002641e+03 1.600465461682356590e+03 1.394829613712849550e+03 1.267683388857671162e+03 1.114217340866783616e+03 1.053791757531424992e+03 9.103654811695558919e+02 7.766990251082733039e+02 6.550102722400695257e+02 6.188126973685068606e+02 1.769598351957502246e+03 1.714091121036625509e+03 1.609242485863429692e+03 1.421662173340642084e+03 1.303930682502297032e+03 1.159964122893336480e+03 1.102957228919049385e+03 9.674989938186927247e+02 8.413974511699472032e+02 7.268410515197700761e+02 6.928664367358929894e+02
2.001366445478302239e+03 1.936628798335460033e+03 1.794142767619690403e+03 1.521223336930691403e+03 1.356666791120756443e+03 1.162349438265446224e+03 1.086546165405983402e+03 9.068701635376885406e+02 7.388623305875943288e+02 5.847941429850411623e+02 5.387209232004532851e+02 2.001752999573149054e+03 1.937446204004002539e+03 1.799132962699785139e+03 1.536421908574399822e+03 1.377098697527682589e+03 1.188095529753207529e+03 1.114228215728016266e+03 9.391176836675826962e+02 7.755357922484646451e+02 6.257908962647095450e+02 5.810772895275231349e+02 2.002256909048450325e+03 1.938492446608476257e+03 1.805438931695897963e+03 1.555645689348780706e+03 1.402968900450169713e+03 1.220696197009121761e+03 1.149271382219638781e+03 9.799020809348826333e+02 8.218586845984146976e+02 6.775055971896764504e+02 6.344652121929558461e+02 2.002906839309972383e+03 1.939830038667610779e+03 1.813371129663162719e+03 1.579862503006381530e+03 1.435605265604033775e+03 1.261844281864891400e+03 1.193497715263219106e+03 1.031323418210384943e+03 8.801743278658095733e+02 7.424980766219819088e+02 7.015442946014214840e+02 2.003746442601929175e+03 1.941539593398245415e+03 1.823288614835985982e+03 1.610194904152581557e+03 1.476571080260475128e+03 1.313540999546912872e+03 1.249056660745775844e+03 1.095890572520991554e+03 9.533028913538723828e+02 8.236998023151327288e+02 7.852370196509225480e+02
2.265017425948969503e+03 2.192392232028336366e+03 2.031664007535019664e+03 1.722190726866315799e+03 1.535715227988618608e+03 1.315874800681711577e+03 1.230188317820216071e+03 1.027165288462023227e+03 8.373625410354875385e+02 6.632801913060607149e+02 6.112047077758408022e+02 2.265455812808741484e+03 2.193315198472091652e+03 2.037300725207985579e+03 1.739357811157045262e+03 1.558788950619031084e+03 1.344939986451430968e+03 1.261437268409893932e+03 1.063551626375881369e+03 8.787177745821846884e+02 7.094866943555191483e+02 6.589353420678115754e+02 2.266021662633724645e+03 2.194496860089163874e+03 2.044423476805895461e+03 1.761075323696267560e+03 1.588008391225641617e+03 1.381754279084540030e+03 1.301007116477270984e+03 1.109589700248324107e+03 9.309881117252485865e+02 7.678247655380904462e+02 7.191615163750090005e+02 2.266753559912089713e+03 2.196008045916174979e+03 2.053384488848882938e+03 1.788439538090401356e+03 1.624878464576209126e+03 1.428232990685933601e+03 1.350959745730132454e+03 1.167667932172923202e+03 9.968338115709763088e+02 8.411572112569934916e+02 7.948423837849916254e+02 2.267702406150299339e+03 2.197937399301479672e+03 2.064589283455848999e+03 1.822714260144261516e+03 1.671159018942263856e+03 1.486630604164671922e+03 1.413720080295174512e+03 1.240603015450453540e+03 1.079449641859913754e+03 9.329066348508383726e+02 8.893921298920283789e+02
2.562282751947346696e+03 2.480765998020605821e+03 2.299480790642930515e+03 1.948762694968874939e+03 1.737550455216217870e+03 1.488922665178708939e+03 1.392098274031110122e+03 1.162772208548513163e+03 9.484352528402642974e+02 7.518399064423610980e+02 6.930132080835855959e+02 2.562777076233037405e+03 2.481808175177145131e+03 2.305846083235495371e+03 1.968148059480060965e+03 1.763599118466702748e+03 1.521728604495481250e+03 1.427362405058824152e+03 1.203814826790673351e+03 9.950498345041644370e+02 8.038892538867470421e+02 7.467670242627731341e+02 2.563415416916807317e+03 2.483142638041038936e+03 2.313890138087135256e+03 1.992676681444179394e+03 1.796592978732767278e+03 1.563286510213445354e+03 1.472028136405413761e+03 1.255762385732209850e+03 1.053998946094649682e+03 8.696514767189793247e+02 8.146629827368132055e+02 2.564242064970085266e+03 2.484849067362977621e+03 2.324009198034187193e+03 2.023586708780422441e+03 1.838234059595501549e+03 1.615772036167310262e+03 1.528432537158728337e+03 1.321334247784213630e+03 1.128329926769195481e+03 9.523807367114134195e+02 9.000217115587230410e+02 2.565312486171310411e+03 2.487028624132015921e+03 2.336666468833592717e+03 2.062306272255364092e+03 1.890505963217395674e+03 1.681719207536432350e+03 1.599305481368688561e+03 1.403694444792397462e+03 1.221624050363698871e+03 1.056010899160724421e+03 1.006801653727088478e+03
2.897512033668014283e+03 2.805966755358654609e+03 2.601515830116910365e+03 2.204240819195397762e+03 1.965096074437251218e+03 1.683986437970607994e+03 1.574599040349431107e+03 1.315622715184006893e+03 1.073654097182436317e+03 8.517235612293737859e+02 7.853016389698985904e+02 2.898069270625730951e+03 2.807144584325242704e+03 2.608702077476979866e+03 2.226127244781200261e+03 1.994497835637497019e+03 1.721001872458904245e+03 1.614382025523551874e+03 1.361904908682191035e+03 1.126180711239228913e+03 9.103242966466159487e+02 8.458097055887405986e+02 2.898792334435458997e+03 2.808651443028772974e+03 2.617784371132051547e+03 2.253823676788990269e+03 2.031745071101702479e+03 1.767907304877136767e+03 1.664788953229050094e+03 1.420508509321131214e+03 1.192639829850645356e+03 9.844165362031923223e+02 9.222984316066135762e+02 2.899719973124404078e+03 2.810578327130363050e+03 2.629214191705240410e+03 2.288731717444526112e+03 2.078763362905615395e+03 1.827160596246507339e+03 1.728465583754473755e+03 1.494520502704355295e+03 1.276521676725107227e+03 1.077739093997806094e+03 1.018563467685756791e+03 2.900925496512159498e+03 2.813040100779729983e+03 2.643506573258699063e+03 2.332463332522455403e+03 2.137791360068141785e+03 1.901620398328130932e+03 1.808480390141077805e+03 1.587498396251631448e+03 1.381852389636594580e+03 1.194752856844754433e+03 1.139129503714824523e+03
3.275615762598977653e+03 3.172773517887406797e+03 2.942206763509017492e+03 2.492357649499970194e+03 2.221656855332721534e+03 1.903876918319412653e+03 1.780314594202173566e+03 1.487904118198769766e+03 1.214795353021367646e+03 9.643351292788645424e+02 8.893614669286117760e+02 3.276243973656847629e+03 3.174104390915731528e+03 2.950318812928329862e+03 2.517062903738467867e+03 2.254838686072122982e+03 1.945637115282777359e+03 1.825190284034737488e+03 1.540081545024647085e+03 1.273965794279867850e+03 1.030289006914135371e+03 9.574503629496640542e+02 3.277055190288107497e+03 3.175807392768878344e+03 2.960574550414178248e+03 2.548333503333557928e+03 2.296882064625241128e+03 1.998570852484421721e+03 1.882069493447680088e+03 1.606185696803095425e+03 1.348885615532711881e+03 1.113747994390467966e+03 1.043598134365166516e+03 3.278105323284538827e+03 3.177985680614538069e+03 2.973479382093315053e+03 2.587749869571295221e+03 2.349963690095636593e+03 2.065450829853061805e+03 1.953934988702249711e+03 1.689700933485869427e+03 1.443520354930691838e+03 1.219003015398833895e+03 1.152147126120931262e+03 3.279462843441730001e+03 3.180766493697059104e+03 2.989619892981459543e+03 2.637136138764892621e+03 2.416610747038466343e+03 2.149507582554926557e+03 2.044262631787703640e+03 1.794651336236959423e+03 1.562415751002218713e+03 1.351108302214360492e+03 1.288252429034377201e+03
3.702134009085965317e+03 3.586579723207514689e+03 3.326570196521128764e+03 2.817334266757148271e+03 2.510970563327872242e+03 2.151777848416875713e+03 2.012214872805099958e+03 1.682081106742179600e+03 1.373861862863259603e+03 1.091259693041087075e+03 1.006657924084099136e+03 3.702842315339641118e+03 3.588082252004010115e+03 3.335729309805806679e+03 2.845219537467216924e+03 2.548414057759525804e+03 2.198885677524550374e+03 2.062829642087172033e+03 1.740897665144402026e+03 1.440505985486646750e+03 1.165469330683061116e+03 1.083253299073968492e+03 3.703758176749014183e+03 3.590006414154744562e+03 3.347306791332755438e+03 2.880520956351320365e+03 2.595868609906202437e+03 2.258616211593554453e+03 2.127004728949590572e+03 1.815457318689789872e+03 1.524964456096840877e+03 1.259469877582071831e+03 1.180256031484143932e+03 3.704943938126777084e+03 3.592466567596915866e+03 3.361877650296697539e+03 2.925024631844688884e+03 2.655787600973716508e+03 2.334097174104650549e+03 2.208107305053184518e+03 1.909682740737076301e+03 1.631708522320587235e+03 1.378176200304331360e+03 1.302661589258350887e+03 3.706482496649299264e+03 3.595609380468044492e+03 3.380103611445797014e+03 2.980790451313438552e+03 2.731032509725057480e+03 2.428982009149524401e+03 2.310064617487139458e+03 2.028134383279083522e+03 1.765900568933122941e+03 1.527305813094550103e+03 1.456296137492002799e+03
4.183328441932091664e+03 4.053464150536473880e+03 3.760276144587503040e+03 3.183941794588460198e+03 2.837263562976766480e+03 2.431284075560321980e+03 2.273654878436571380e+03 1.900945041707452674e+03 1.553123170279031001e+03 1.234280025835053721e+03 1.138830376554512441e+03 4.184128657137508526e+03 4.055162706470329795e+03 3.770615234686973508e+03 3.215415052372790342e+03 2.879512020230446524e+03 2.484421546030951959e+03 2.330736896565535517e+03 1.967241716996039486e+03 1.628173562137624231e+03 1.317764493658168476e+03 1.224971814941894763e+03 4.185163134140653710e+03 4.057336612302355206e+03 3.783687225669972577e+03 3.255264679339083614e+03 2.933070152101396161e+03 2.551819685871220372e+03 2.403143853829012642e+03 2.051333728548303043e+03 1.723386876348485202e+03 1.423655395479809386e+03 1.334211841056927597e+03 4.186501451897790503e+03 4.060115407910611339e+03 3.800138985833138122e+03 3.305507566472076633e+03 3.000705589102048634e+03 2.637003142147450490e+03 2.494662176780651407e+03 2.157638406208197466e+03 1.843784003294749709e+03 1.557523295902408336e+03 1.472244076564739771e+03 4.188233213035484368e+03 4.063667607203808984e+03 3.820719589909532715e+03 3.368475235137290838e+03 3.085652921631729441e+03 2.744105055597222872e+03 2.609742938414849050e+03 2.291317941999522191e+03 1.995222727883237667e+03 1.725856870954489295e+03 1.645661436997928149e+03
4.726206963562787678e+03 4.580260559622956862e+03 4.249716671364117246e+03 3.597570661908629972e+03 3.205307120427780774e+03 2.746461584898364890e+03 2.568427321604759982e+03 2.147647109814455689e+03 1.755130222019924759e+03 1.395407393858139585e+03 1.287723799190674072e+03 4.727110157276844802e+03 4.582180112041030043e+03 4.261387478118272156e+03 3.633090420467004151e+03 3.252977420288365920e+03 2.806399286283126912e+03 2.632803856104860188e+03 2.222372876103895578e+03 1.839658529991246724e+03 1.489332089722675846e+03 1.384606029415758485e+03 4.728277421551708358e+03 4.584635970305101182e+03 4.276144407667650739e+03 3.678073233608334249e+03 3.313422485207598584e+03 2.882445533709358187e+03 2.714494007446742671e+03 2.317215843491662326e+03 1.946995281525320934e+03 1.608634964010785097e+03 1.507650708973271549e+03 4.729789344255435026e+03 4.587777806840479570e+03 4.294718580208683306e+03 3.734793362778208120e+03 3.389765351063533672e+03 2.978577513088661817e+03 2.817767685072331915e+03 2.437149201243113566e+03 2.082793520494784843e+03 1.759604935089945911e+03 1.663311322530956659e+03 4.731738190066344032e+03 4.591790010578585679e+03 4.317957145538947771e+03 3.805890589665252719e+03 3.485662739940527899e+03 3.099468398028732736e+03 2.947656497531133027e+03 2.588009388198885517e+03 2.253685697683335547e+03 1.949602990837066955e+03 1.859056880328461148e+03
5.338541118343210655e+03 5.174590512416571073e+03 4.802066726325379022e+03 4.064302836108169231e+03 3.620493794323364455e+03 3.101897569324955384e+03 2.900811660881078751e+03 2.425744715275539875e+03 1.982769311841410854e+03 1.576913822557834919e+03 1.455430989984022062e+03 5.339561048391272379e+03 5.176757245936454638e+03 4.815239615807781774e+03 4.104390230526688356e+03 3.674281625387068289e+03 3.169509230105832103e+03 2.973422608445745936e+03 2.509985350266985733e+03 2.077986689179050700e+03 1.682606638559894918e+03 1.564416140637348462e+03 5.340877233176100162e+03 5.179532130728145603e+03 4.831897509991234074e+03 4.155165399949279163e+03 3.742499036735837763e+03 3.255314976881120401e+03 3.065583596181617850e+03 2.616955102234425340e+03 2.199001783769742360e+03 1.817039348346733959e+03 1.703032343388228583e+03 5.342583048362109366e+03 5.183080309342657529e+03 4.852865746679008225e+03 4.219197401314965646e+03 3.828670599460833273e+03 3.363804466911561576e+03 3.182127876547956930e+03 2.752271614542499265e+03 2.352184411763403659e+03 1.987317135172215785e+03 1.878595332996945672e+03 5.344789040666983055e+03 5.187612520335947920e+03 4.879101434847520068e+03 4.299471041038179465e+03 3.936929769510249571e+03 3.500260038634078683e+03 3.328729461681984958e+03 2.922517105245334278e+03 2.545018649996026852e+03 2.201750780312896950e+03 2.099543280184165269e+03
6.028796094996268948e+03 5.844790041959176961e+03 5.425315435259515652e+03 4.590993904061446301e+03 4.088906826197362989e+03 3.502778538686449792e+03 3.275648519881332049e+03 2.739261845439415993e+03 2.239309370687651153e+03 1.781367598290344404e+03 1.644303526895924733e+03 6.029944302238054661e+03 5.847235455942040971e+03 5.440179270002911835e+03 4.636235405838697261e+03 4.149601500196567940e+03 3.579049942683934660e+03 3.357548809409343903e+03 2.834237717550085563e+03 2.346590439045760832e+03 1.900337284999292024e+03 1.766939617064293770e+03 6.031426935250138740e+03 5.850366861546951441e+03 5.458976227600474886e+03 4.693545931678469969e+03 4.226590121494391497e+03 3.675871466508116555e+03 3.461532412743150417e+03 2.954894538575494153e+03 2.483034344058925853e+03 2.051848965336047513e+03 1.923145672466473570e+03 6.033347299345919055e+03 5.854370548772508300e+03 5.482639631658515100e+03 4.765830627331175492e+03 4.323856487866749376e+03 3.798313386123179043e+03 3.593055924048341240e+03 3.107579987430784513e+03 2.655851049310908820e+03 2.243934339110320707e+03 2.121187534017951748e+03 6.035832224716747078e+03 5.859482960136859219e+03 5.512251253638224625e+03 4.856460634152598686e+03 4.446069626641410650e+03 3.952336874869605253e+03 3.758524806155149236e+03 3.299709523779772098e+03 2.873448133714971391e+03 2.485930466582541612e+03 2.370573914184085424e+03
6.805827537454776575e+03 6.599773008205816041e+03 6.128216067595148161e+03 5.185337948430900724e+03 4.617411723225884089e+03 3.954958830131588002e+03 3.698399912091864280e+03 3.092739554627285088e+03 2.528436717183963538e+03 2.011673674578066539e+03 1.857016005908946681e+03 6.807117547340320016e+03 6.602525819777365541e+03 6.144976388411601874e+03 5.236391907332829760e+03 4.685900063723652238e+03 4.041004638349148081e+03 3.790785446999088435e+03 3.199837586137663038e+03 2.649339972478256186e+03 2.145643623805057814e+03 1.995075439735725240e+03 6.808783591408428038e+03 6.606049448655697233e+03 6.166173715610285399e+03 5.301073914453043471e+03 4.772788319276557559e+03 4.150261023676742298e+03 3.908116211408344498e+03 3.335946901229490777e+03 2.803208780054568251e+03 2.316448747919564084e+03 2.171153622744037875e+03 6.810942916541443083e+03 6.610556267863362336e+03 6.192859017561192559e+03 5.382666120328131910e+03 4.882578167274515181e+03 4.288456872647342607e+03 4.056555025960680723e+03 3.508245166030866585e+03 2.998198135312432896e+03 2.533163769428891555e+03 2.394590085499015913e+03 6.813750107245061372e+03 6.616316414533691386e+03 6.226250694220361765e+03 5.484973960029824411e+03 5.020544156146555906e+03 4.462319192473318253e+03 4.243329936205353079e+03 3.725092336341601822e+03 3.243760591548809771e+03 2.806274347179055439e+03 2.676060056197005451e+03
7.678382951162089739e+03 7.448542285495107535e+03 6.920047000045458844e+03 5.855893577933975394e+03 5.213727007783283625e+03 4.465046552818416785e+03 4.175235076225136254e+03 3.491318630982504146e+03 2.854325374245162948e+03 2.271120642369973666e+03 2.096593373763669206e+03 7.679824458628512730e+03 7.451629563502556266e+03 6.938920421301158058e+03 5.913494328736718671e+03 5.291007741858186819e+03 4.562129292626339520e+03 4.279460969118357752e+03 3.612101195704322436e+03 2.990613261123510711e+03 2.422040037304479029e+03 2.252080465946637560e+03 7.681690130956762005e+03 7.455580561894761559e+03 6.962789779366631592e+03 5.986476401761509806e+03 5.389064343403562816e+03 4.685423315046872631e+03 4.411860283955412342e+03 3.765661866619381271e+03 3.164167448465241705e+03 2.614653115766520386e+03 2.450629330771719196e+03 7.684104732434630023e+03 7.460633679888442202e+03 6.992837838684350572e+03 6.078546892890524759e+03 5.512983011642424572e+03 4.841404579650717096e+03 4.579398732946564451e+03 3.960111460685351631e+03 3.384201599074630849e+03 2.859193504614060657e+03 2.702756292367422702e+03 7.687245359033752720e+03 7.467090554205699846e+03 7.030435380349822481e+03 6.193997160191498551e+03 5.668713166296460258e+03 5.037664034469395119e+03 4.790229879299230561e+03 4.204863680794948777e+03 3.661339500494003914e+03 3.167447314763419854e+03 3.020461308352871129e+03
8.654089122465467881e+03 8.399440697543592250e+03 7.810112404040315596e+03 6.611998103559369156e+03 5.886472854908325644e+03 5.040490170796579150e+03 4.713119010923760470e+03 3.940790636804473706e+03 3.221683953439204288e+03 2.563422566923706654e+03 2.366448180980091365e+03 8.655692732932337094e+03 8.402880243747835266e+03 7.831313442778468016e+03 6.676946942245936953e+03 5.973663307013808662e+03 5.150030684119229591e+03 4.830711448651371029e+03 4.077032646116629166e+03 3.375359109484411874e+03 2.733512712273020043e+03 2.541652692773856870e+03 8.657763872649788027e+03 8.407283179335556270e+03 7.858122214257142332e+03 6.759243381728781969e+03 6.084303973187888005e+03 5.289173283048738085e+03 4.980125451039817563e+03 4.250306824516393135e+03 3.571159946468727867e+03 2.950781608906770998e+03 2.765611083875781787e+03 8.660444772253888004e+03 8.412913358041721949e+03 7.891866836136200618e+03 6.863061679021425334e+03 6.224134266208257031e+03 5.465229128045599282e+03 5.169226294609883553e+03 4.469768925092114841e+03 3.819483203795398367e+03 3.226763266512896280e+03 3.050161148941360352e+03 8.663926387263560173e+03 8.420103759586974775e+03 7.934080433890980203e+03 6.993233672670745364e+03 6.399861829068508996e+03 5.686760829393821950e+03 5.407213759213223966e+03 4.746030649583750346e+03 4.132267340863576464e+03 3.574686824334421090e+03 3.408772959045361404e+03
