0.000000000000000000e+00
5.876080161102522910e+07
1.657428048132431805e+08
2.870763793405314088e+08
4.106937727122220397e+08
5.294751574976812601e+08
6.393144961829080582e+08
7.384755419300159216e+08
8.262487741993831396e+08
9.023632948075165749e+08
9.676135421470284462e+08
1.022448774946401238e+09
1.067786240243414998e+09
1.104419284243211031e+09
1.133175043991985321e+09
1.155370193224745750e+09
1.171801258565306425e+09
1.182888313708223581e+09
1.189551793987330914e+09
1.192400575940565348e+09
1.191645465674521685e+09
1.187993736236769915e+09
1.181750018736172438e+09
1.173380600847848654e+09
1.162950396741746187e+09
1.150930999061939716e+09
1.137657518396989346e+09
1.123256323307662487e+09
1.108028381383462667e+09
1.091910331920593262e+09
1.075151800439576149e+09
1.057965653298952460e+09
1.040351503515573263e+09
1.022454462496685982e+09
1.004381433094666362e+09
9.861420016931650639e+08
9.677455969675873518e+08
9.493896380796772242e+08
9.311044076860339642e+08
9.129108661501915455e+08
8.947901160718964338e+08
8.768341207111104727e+08
8.590614760949385166e+08
8.414892719288405180e+08
8.241299598308761120e+08
8.069319196639668941e+08
7.899561949973822832e+08
7.732557972070935965e+08
7.568390540232472420e+08
7.406982238772423267e+08
7.248358956648547649e+08
7.092540616952779293e+08
6.939532467769544125e+08
6.789326268423812389e+08
6.641924699281532764e+08
6.497320150032316446e+08
6.355506818371231556e+08
6.216506316477395296e+08
6.080362544884502888e+08
5.947082446899333000e+08
5.816561739168317318e+08
5.688748600317829847e+08
5.563611573900030851e+08
5.441113851573326588e+08
5.321216695349776745e+08
5.203887546629835963e+08
5.089097256260517240e+08
4.976812683114447594e+08
4.867016910980535746e+08
4.759702068969446421e+08
4.654832198895370364e+08
4.551722881308023334e+08
4.450947414226300120e+08
4.352466974935542345e+08
4.256239229220411181e+08
4.162222150295267701e+08
4.070377632352791429e+08
3.980517645222297311e+08
3.892492419563908577e+08
3.806560787088132501e+08
3.722696185863459706e+08
3.640871883184432983e+08
3.560934602385704517e+08
3.482059224987558722e+08
3.405123918742207289e+08
3.330084003895701766e+08
3.256894296175726056e+08
3.185187699104523063e+08
3.115079807851631045e+08
3.046743267714923620e+08
2.980136445587177277e+08
2.914532185951172113e+08
2.850248749244981408e+08
2.787672160018018484e+08
2.726736000301722884e+08
2.666826088332078457e+08
2.608506283965879977e+08
2.551729217950389385e+08
2.495680904606491923e+08
2.440788988267801702e+08
2.387414131893864274e+08
2.335179748041013479e+08
2.284160611764689684e+08
2.234575958404280543e+08
2.185605358221809864e+08
2.137670365804326534e+08
2.091120684721674621e+08
2.045367254108071029e+08
2.000913411409116387e+08
1.957330007851511240e+08
1.914314370346031487e+08
1.872605426959549189e+08
1.831638700460360348e+08
1.791894081345760524e+08
1.752686529426651299e+08
1.714284685252396166e+08
1.676887014252353609e+08
1.640344987703454196e+08
1.604650547992467582e+08
1.569345996741650403e+08
1.535058236059113741e+08
1.501525027484074831e+08
