0.000000000000000000e+00
1.329437624731632769e+08
2.643897413686426878e+08
3.940866776057885885e+08
5.216629286154598594e+08
6.468622590514590740e+08
7.696567192844489813e+08
8.900413318930895329e+08
1.008057304993871570e+09
1.123827994676344633e+09
1.237407586983307362e+09
1.348971224606088877e+09
1.458505121892531395e+09
1.566208077395499468e+09
1.672103489435579062e+09
1.776201842928049088e+09
1.878679826357280970e+09
1.979605411807627439e+09
2.078974119352638483e+09
2.176851919913119793e+09
2.273351442572836876e+09
2.368521930561823845e+09
2.462312341043985367e+09
2.554834129053445816e+09
2.646152573910170078e+09
2.736323348454372883e+09
2.825405418488121986e+09
2.913246861301694870e+09
3.000031355292795181e+09
3.085791055790056229e+09
3.170531868197619915e+09
3.254351758425218582e+09
3.337226786795907974e+09
3.418969415187360287e+09
3.499842625004070282e+09
3.579885543550060272e+09
3.658970574694786072e+09
3.737236702918997765e+09
3.814720459905337334e+09
3.891358206049303055e+09
3.967029743886126518e+09
4.041921030711235523e+09
4.116093645378162384e+09
4.189551769852226257e+09
4.262249454680940628e+09
4.334159426655991554e+09
4.405399771548130035e+09
4.475979530469377518e+09
4.545908166638656616e+09
4.615194724335659027e+09
4.683762757689804077e+09
4.751603810833147049e+09
4.818873918764453888e+09
4.885548604164386749e+09
4.951625599664268494e+09
5.017100721461172104e+09
5.081995296809587479e+09
5.146408634879893303e+09
5.210204477645786285e+09
5.273518701760339737e+09
5.336367900867338181e+09
5.398753217375052452e+09
5.460664195623273849e+09
5.522150697998933792e+09
5.582951437429314613e+09
5.643397675965305328e+09
5.703350529105510712e+09
5.762795653949329376e+09
5.821766499164999008e+09
5.880297334033222198e+09
5.938314913737762451e+09
5.995817636031345367e+09
6.052813816754865646e+09
6.109471453268017769e+09
6.165779359301534653e+09
6.221586643851633072e+09
6.276900678560344696e+09
6.331764868342165947e+09
6.386251694489025116e+09
6.440252683552570343e+09
6.493783370769748688e+09
6.546937442402923584e+09
6.599807157939601898e+09
6.652202004888225555e+09
6.704148802176458359e+09
6.755702264366959572e+09
6.806839202346004486e+09
6.857532708529892921e+09
6.907888481953392029e+09
6.957929141188425064e+09
7.007524950647550583e+09
7.056732870087549210e+09
7.105552272907341003e+09
7.153994110521551132e+09
7.202122719979528427e+09
7.249881744086715698e+09
7.297258194994090080e+09
7.344244861742464066e+09
7.390880892260173798e+09
7.437206313420464516e+09
7.483158034663024902e+09
7.528752531161012650e+09
7.573979541720100403e+09
7.618926259231356621e+09
7.663516397558061600e+09
7.707758406346246719e+09
7.751632111270026207e+09
7.795232315695304871e+09
7.838466490525848389e+09
7.881359865817100525e+09
7.923881790216519356e+09
7.966138382795518875e+09
8.008047602807620049e+09
8.049626531974440575e+09
8.090913672734256744e+09
8.131846295106555939e+09
8.172452747551589966e+09
8.212786630453623772e+09
8.252766280933816910e+09
8.292419700184108734e+09
8.331785328984491348e+09
8.370799457188112259e+09
