0.000000000000000000e+00
1.314946782307549268e+08
2.594192906007615030e+08
3.825462270087163448e+08
5.006521612391400337e+08
6.135515028879815340e+08
7.212295793282331228e+08
8.237700447268819809e+08
9.213206442901102304e+08
1.014083405179834843e+09
1.102266980563378334e+09
1.186047263889443398e+09
1.265589076309303522e+09
1.341075202106660843e+09
1.412892737748571873e+09
1.481318523883446455e+09
1.546565112384463310e+09
1.608840656521765232e+09
1.668333553466280937e+09
1.725210834324544430e+09
1.779646472431944370e+09
1.831770487410934687e+09
1.881699637054549217e+09
1.929542226285817623e+09
1.975435342360491514e+09
2.019540275689516544e+09
2.061983994417486906e+09
2.102863968039817810e+09
2.142277681192148209e+09
2.180304736576302528e+09
2.217017763230362892e+09
2.252475302929562092e+09
2.286742560127108574e+09
2.319870511125062466e+09
2.351907975726900101e+09
2.382919801955610275e+09
2.412976986932058334e+09
2.442138895973336220e+09
2.470449392548243046e+09
2.497944251549846172e+09
2.524659876509220600e+09
2.550623433654399872e+09
2.575859213935842991e+09
2.600407649845106125e+09
2.624286579793292999e+09
2.647520057080600262e+09
2.670144041041887283e+09
2.692194898708675861e+09
2.713696179626813889e+09
2.734669204572827339e+09
2.755136567444773197e+09
2.775112325065063953e+09
2.794607548042659760e+09
2.813638293194838047e+09
2.832221186969487190e+09
2.850365156508283138e+09
2.868083201232669353e+09
2.885400370039709568e+09
2.902340576946585178e+09
2.918918318955394268e+09
2.935138198998919487e+09
2.951009207040024757e+09
2.966541394460393429e+09
2.981741337933344364e+09
2.996616585207447052e+09
3.011177297000798225e+09
3.025431558016849995e+09
3.039388352326113224e+09
3.053063643783903599e+09
3.066470306922627449e+09
3.079618267005180836e+09
3.092510466889862537e+09
3.105150513518987179e+09
3.117543584099802017e+09
3.129693477988552094e+09
3.141607535983730316e+09
3.153293650803359985e+09
3.164757940470046043e+09
3.176004947960814953e+09
3.187042509745241642e+09
3.197879823745574474e+09
3.208524102355950832e+09
3.218978773311576366e+09
3.229245134388475895e+09
3.239327212098367214e+09
3.249228269824718475e+09
3.258952692118959427e+09
3.268506355211612225e+09
3.277894025443220139e+09
3.287120006598486900e+09
3.296189283217297077e+09
3.305108463719985485e+09
3.313883059906968117e+09
3.322516294619920731e+09
3.331008700551836014e+09
3.339362748642204285e+09
3.347581542004091263e+09
3.355667951790709972e+09
3.363626430639415264e+09
3.371460369781131744e+09
3.379173379443111420e+09
3.386769756742177010e+09
3.394254223822537422e+09
3.401630811206869125e+09
3.408901910990667343e+09
3.416068130982967854e+09
3.423130377831234932e+09
3.430090997329334259e+09
3.436952000025577545e+09
3.443718377774701595e+09
3.450395225335594654e+09
3.456984347450441360e+09
3.463487804403640270e+09
3.469908193597633839e+09
3.476248247945719242e+09
3.482510271881762028e+09
3.488696161156107903e+09
3.494806244582199097e+09
3.500841692621623039e+09
3.506803777042491913e+09
3.512694166330205917e+09
3.518518454304683208e+09
