0.000000000000000000e+00
1.620422837611297382e+03
1.465179982055014079e+04
5.210567897604413156e+04
1.266826321794010728e+05
2.499586964746541926e+05
4.320089860577886575e+05
6.810825060757671017e+05
1.003400287819689722e+06
1.378800199832882034e+06
1.814447227474948158e+06
2.309698619826073758e+06
2.830165124149824027e+06
3.403902222736828960e+06
4.010851913692847826e+06
4.680378199837718159e+06
5.345405383814513683e+06
6.064893411358513869e+06
6.816293183152329177e+06
7.615428657375081442e+06
8.446112210500033572e+06
9.284009071118107066e+06
1.017781761999022216e+07
1.109577867539549991e+07
1.206340140589510277e+07
1.307258228000687249e+07
1.407675812606999837e+07
1.513875227454219386e+07
1.624027861566200480e+07
1.738228736486972868e+07
1.858690798242865503e+07
1.979263704720407724e+07
2.104233914948557317e+07
2.235884662894778326e+07
2.370127309627279639e+07
2.511404143048924208e+07
2.657771685569799691e+07
2.805027973715196177e+07
2.960009204377315193e+07
3.120561211246624961e+07
3.287336780670403689e+07
3.462825164257525653e+07
3.638815929973408580e+07
3.822893925855591893e+07
4.015233131281059980e+07
4.213974620466695726e+07
4.423155538908753544e+07
4.635322446449265629e+07
4.856018209155349433e+07
5.086830705773127824e+07
5.325891406810123473e+07
5.577682257072267681e+07
5.832319291170880944e+07
6.099448095169478655e+07
6.377348733013761789e+07
6.667690938200370222e+07
6.969180478870047629e+07
7.278574209388893843e+07
7.603540720006790757e+07
7.940615040629635751e+07
8.294875703773434460e+07
8.655475072688303888e+07
9.035425381703162193e+07
9.429180112072998285e+07
9.843340748755300045e+07
1.026608418732593358e+08
1.071077949703343213e+08
1.117328028865371048e+08
1.165615085563196987e+08
1.215413493237996697e+08
1.267524351179050356e+08
1.322091032417583466e+08
1.378295771844707727e+08
1.437123369524472952e+08
1.498335789924412370e+08
1.562161304847234488e+08
1.628365704484742582e+08
1.697440562642024159e+08
1.769687119382554889e+08
1.844315570537605882e+08
1.922349812011775076e+08
2.003955197227915525e+08
2.088269610559519827e+08
2.176421753805232048e+08
2.268435827944345772e+08
2.363879510850216150e+08
2.463500921139381230e+08
2.567155739624882340e+08
2.675113446406601369e+08
2.788016076267607808e+08
2.904751263321449757e+08
3.026823670682987571e+08
3.154127486475235224e+08
3.286396473501164317e+08
3.424645342982952595e+08
3.567814606047993898e+08
3.717447121368220448e+08
3.873173100839968920e+08
4.035306108663756847e+08
4.204546261516938806e+08
4.380245859089252949e+08
4.564017479753878713e+08
4.754313879334533215e+08
4.953341778892965317e+08
5.159903690607609749e+08
5.375633132421704531e+08
5.599719401280874014e+08
5.833551196827703714e+08
6.076563297851383686e+08
6.330088807736982107e+08
6.593566555046695471e+08
6.868479688537756205e+08
7.154076597934224606e+08
7.452239689612922668e+08
7.761726216886336803e+08
8.084668650394549370e+08
8.420015337101818323e+08
8.769771094414114952e+08
9.133528587539616823e+08
9.512315902173323631e+08
9.906963841584401131e+08
1.031721310685499072e+09
