0.000000000000000000e+00
3.073463822395812869e+08
5.940516529514061213e+08
8.602485706783810854e+08
1.105400716714549541e+09
1.329229832659875393e+09
1.532737926883809566e+09
1.717203041434567928e+09
1.884031804867485046e+09
2.034654466659246445e+09
2.170465148792509079e+09
2.292783374464595795e+09
2.402846264278079510e+09
2.501778695957185745e+09
2.590627010698765278e+09
2.670327778780935764e+09
2.741720429233820915e+09
2.805584689232172489e+09
2.862605828965243816e+09
2.913400388050514221e+09
2.958525089983395100e+09
2.998492816316106796e+09
3.033750105485390663e+09
3.064701690238943100e+09
3.091712026000636101e+09
3.115128079378234386e+09
3.135242856660774231e+09
3.152331006591837406e+09
3.166634216230253696e+09
3.178376535321379662e+09
3.187776398517557621e+09
3.195015200293886662e+09
3.200260813488306999e+09
3.203672435961057663e+09
3.205388562228079796e+09
3.205537338521105289e+09
3.204250243966462612e+09
3.201639701643891811e+09
3.197804724037549496e+09
3.192837337902466297e+09
3.186827237263983250e+09
3.179855846588670731e+09
3.171996204206649780e+09
3.163316377093221664e+09
3.153879972383121490e+09
3.143748560114525318e+09
3.132983842105410099e+09
3.121637157052686691e+09
3.109756032121001244e+09
3.097384987224530697e+09
3.084565757234935760e+09
3.071337490419938087e+09
3.057736926352920532e+09
3.043798556108152390e+09
3.029554767171245575e+09
3.015035975151381969e+09
3.000270744077380657e+09
2.985285896792950153e+09
2.970106616734062672e+09
2.954756542170939922e+09
2.939257853825409889e+09
2.923631356628186226e+09
2.907896556257564068e+09
2.892071730997323513e+09
2.876173999365629196e+09
2.860219383895051956e+09
2.844222871385075092e+09
2.828198469900113583e+09
2.812159262746449471e+09
2.796117459629786015e+09
2.780084569148267746e+09
2.764074415316471100e+09
2.748099955227077961e+09
2.732170191321560383e+09
2.716293447001772881e+09
2.700477418535838127e+09
2.684729218698735714e+09
2.669055710437122822e+09
2.653465921088294983e+09
2.637966137709620476e+09
2.622561209803419113e+09
2.607255567446139812e+09
2.592053465888319969e+09
2.576964029308813095e+09
2.561994153721985817e+09
2.547146170960440159e+09
2.532422151039309025e+09
2.517824883813349247e+09
2.503359810227287292e+09
2.489028252290911674e+09
2.474831010747498989e+09
2.460770938329183578e+09
2.446856289249935627e+09
2.433087296798632145e+09
2.419463376099513531e+09
2.405986729400403500e+09
2.392658989637965202e+09
2.379478979802960873e+09
2.366448327173715591e+09
2.353573140909636974e+09
2.340852018421128273e+09
2.328283787060549259e+09
2.315870302327737808e+09
2.303609554217381477e+09
2.291502113871933460e+09
2.279552642223423958e+09
2.267758808898976803e+09
2.256120132456198692e+09
2.244635973125423431e+09
2.233303915021140099e+09
2.222128915933318615e+09
2.211109012503809452e+09
2.200242954445093632e+09
2.189529327686363220e+09
2.178967055275059700e+09
2.168558884716892242e+09
2.158302133440276623e+09
2.148196205532592297e+09
2.138238159849057913e+09
2.128430840775729895e+09
2.118772066594054222e+09
2.109260649259155750e+09
