0.000000000000000000e+00
1.622077990209552070e+02
1.625005506361427706e+03
6.832489634820111860e+03
1.950221079014564384e+04
4.450883772977258923e+04
8.773403598677397531e+04
1.558820407788785815e+05
2.562719180271169171e+05
3.941946906246491126e+05
5.756621592334237648e+05
8.066183765259119682e+05
1.089589645215153694e+06
1.429985478768586880e+06
1.831141378485485679e+06
2.299298455398305785e+06
2.833983921651860699e+06
3.440650863323114347e+06
4.122445603918199427e+06
4.884150394303093664e+06
5.728868755431589670e+06
6.657339815703548491e+06
7.675133668818860315e+06
8.784674456364054233e+06
9.990999691395608708e+06
1.129827633845837601e+07
1.270599498671085946e+07
1.421993204164612107e+07
1.584402130600642599e+07
1.758231278630396724e+07
1.944106525616731867e+07
2.142035851582388580e+07
2.352459498334074020e+07
2.576043804194030166e+07
2.813048610584927350e+07
3.064181420976443961e+07
3.329954932905479148e+07
3.610455884517019242e+07
3.906456507782113552e+07
4.218513462146800756e+07
4.547248711510264874e+07
4.893533603566008806e+07
5.257417047130124271e+07
5.639706934797847271e+07
6.041227731271910667e+07
6.462619706330720335e+07
6.904928733917137980e+07
7.368457561153922975e+07
7.854056283334060013e+07
8.362737286150649190e+07
8.895325498601354659e+07
9.453094444449581206e+07
1.003632909105413407e+08
1.064627745503401607e+08
1.128401616250845194e+08
1.195078405299863815e+08
1.264770218287849277e+08
1.337555643991194069e+08
1.413590398097843230e+08
1.492995735036758482e+08
1.575943504085951746e+08
1.662497462155838907e+08
1.752851168282704651e+08
1.847142754377981722e+08
1.945576135018413067e+08
2.048236955925810933e+08
2.155344661816955805e+08
2.267077477944001257e+08
2.383638570228841007e+08
2.505179242471825182e+08
2.631930631819067001e+08
2.764138669832888842e+08
2.901967128071368337e+08
3.045678777644662261e+08
3.195512069601883888e+08
3.351727905202041268e+08
3.514564288665401936e+08
3.684308697593143582e+08
3.861278075999427438e+08
4.045709986511649489e+08
4.237944706100176573e+08
4.438339371160767078e+08
4.647165222559062243e+08
4.864806192059670687e+08
5.091649091924847960e+08
5.328036732530425191e+08
5.574386585906405449e+08
5.831103529559324980e+08
6.098617446923679113e+08
6.377422269044888020e+08
6.667900596904985905e+08
6.970585617011333704e+08
7.286000378506169319e+08
7.614641434427521229e+08
7.957107101356735229e+08
8.313889554893856049e+08
8.685635909076515436e+08
9.072957487213907242e+08
9.476494150346316099e+08
9.896956299489055872e+08
1.033498975752031565e+09
1.079140060124743938e+09
1.126684049301920652e+09
1.176218170535742521e+09
1.227817754638384581e+09
1.281574549822921276e+09
1.337572347340950966e+09
1.395908705693052053e+09
1.456675451363571405e+09
1.519977620744843721e+09
1.585914660863850832e+09
1.654600893956398726e+09
1.726143007273433447e+09
1.800666547649781466e+09
1.878284646748156786e+09
1.959132062875180483e+09
2.043332882905434847e+09
2.131031273036097050e+09
2.222367336712255001e+09
2.317491393530278206e+09
2.416562002455471039e+09
2.519735107305889130e+09
