0.000000000000000000e+00
5.890485771318092942e+06
2.238540283271125332e+07
5.100834077524287999e+07
9.202831260230782628e+07
1.449543998732545674e+08
2.088804365176565647e+08
2.827258283992370963e+08
3.653407447426777482e+08
4.555507284650539756e+08
5.522636391217017174e+08
6.544378300370815992e+08
7.611358544991021156e+08
8.715180615567603111e+08
9.848047993058285713e+08
1.100329459227266073e+09
1.217507381290006161e+09
1.335798350094573021e+09
1.454755462389930725e+09
1.573994162698206663e+09
1.693152082881188393e+09
1.811939365201611757e+09
1.930098747278944969e+09
2.047422668179647923e+09
2.163710688988264561e+09
2.278802809316799641e+09
2.392570667819967747e+09
2.504899738217428207e+09
2.615705938468803883e+09
2.724899050896884918e+09
2.832414634422867298e+09
2.938209836055822372e+09
3.042242472002790451e+09
3.144485639542205334e+09
3.244923616380811691e+09
3.343540637118287563e+09
3.440319334495022774e+09
3.535262171112890720e+09
3.628375845262780190e+09
3.719669219017589092e+09
3.809149518537044525e+09
3.896833284634831429e+09
3.982739241120708466e+09
4.066887931559273720e+09
4.149301413543440342e+09
4.229996484888696671e+09
4.308995599318402290e+09
4.386325146563590050e+09
4.462012167525663376e+09
4.536084200226506233e+09
4.608569148634638786e+09
4.679495170986590385e+09
4.748890584667359352e+09
4.816783785116496086e+09
4.883203176587552071e+09
4.948177112909632683e+09
5.011733846682429314e+09
5.073901485582931519e+09
5.134707954675520897e+09
5.194180963800594330e+09
5.252347979273008347e+09
5.309236199253722191e+09
5.364872532268863678e+09
5.419283578442861557e+09
5.472495613088781357e+09
5.524534572362008095e+09
5.575426040734862328e+09
5.625195240091622353e+09
5.673867020277269363e+09
5.721465850960455894e+09
5.768015636608148575e+09
5.813533715608245850e+09
5.858043558179027557e+09
5.901568246930072784e+09
5.944130470718315125e+09
5.985752520151181221e+09
6.026456284208544731e+09
6.066261719824375153e+09
6.105187256771561623e+09
6.143253805892868996e+09
6.180481861421165466e+09
6.216891501631436348e+09
6.252501340773075104e+09
6.287322070182647705e+09
6.321373213006591797e+09
6.354673841925598145e+09
6.387242585542343140e+09
6.419094370282566071e+09
6.450245269649998665e+09
6.480713016021315575e+09
6.510514895186058998e+09
6.539660812308115959e+09
6.568163823290058136e+09
6.596040818122069359e+09
6.623308187173707962e+09
6.649976289667035103e+09
6.676061120200119019e+09
6.701578195519584656e+09
6.726534853324446678e+09
6.750942751972694397e+09
6.774817071004378319e+09
6.798169160578532219e+09
6.821011118485335350e+09
6.843357195990847588e+09
6.865213393947743416e+09
6.886590057620462418e+09
6.907501098749595642e+09
6.927954538510472298e+09
6.947963454871388435e+09
6.967536569886794090e+09
6.986679656445610046e+09
7.005405806103603363e+09
7.023722414306594849e+09
7.041641589745651245e+09
7.059168681984531403e+09
7.076311655025215149e+09
7.093080486217113495e+09
7.109483795032388687e+09
7.125530060078041077e+09
7.141223291703198433e+09
7.156573684461997032e+09
7.171588839559867859e+09
