0.000000000000000000e+00
3.157530130919751525e+08
6.222595027709112167e+08
9.199939661782010794e+08
1.208407933097978592e+09
1.486939886451143980e+09
1.755714763459905863e+09
2.014990135567612886e+09
2.264993840089303970e+09
2.505944247195605278e+09
2.738349334491715431e+09
2.962651605205687046e+09
3.179107065526350021e+09
3.388074798524314404e+09
3.589819844963794708e+09
3.784648435633207321e+09
3.972782024795948505e+09
4.154495807352359772e+09
4.330036623697556496e+09
4.499624084795042038e+09
4.663490293968559265e+09
4.821815798193679810e+09
4.974809475343564987e+09
5.122675145248632431e+09
5.265582752908289909e+09
5.403710604787572861e+09
5.537230802959580421e+09
5.666297390609510422e+09
5.791047827489822388e+09
5.911648146795728683e+09
6.028242015150999069e+09
6.140964143984479904e+09
6.249935118687851906e+09
6.355290333471227646e+09
6.457152539664131165e+09
6.555638995456978798e+09
6.650863186145959854e+09
6.742919992829431534e+09
6.831929193391599655e+09
6.917993134948339462e+09
7.001210610365829468e+09
7.081676899249916077e+09
7.159483316778835297e+09
7.234719246132051468e+09
7.307469905647672653e+09
7.377816773984463692e+09
7.445844796373732567e+09
7.511634915787853241e+09
7.575261184246104240e+09
7.636790649295486450e+09
7.696291726756709099e+09
7.753831347706870079e+09
7.809474276356786728e+09
7.863282935264663696e+09
7.915317903902335167e+09
7.965637655788669586e+09
8.014298617299116135e+09
8.061355509753844261e+09
8.106861112614274979e+09
8.150866636576207161e+09
8.193421371941148758e+09
8.234572562972302437e+09
8.274365241092040062e+09
8.312845980355897903e+09
8.350057970220993042e+09
8.386043278254033089e+09
8.420842334287211418e+09
8.454494310534130096e+09
8.487037209118581772e+09
8.518507423734165192e+09
8.548940510600887299e+09
8.578362540741816521e+09
8.606815185057815552e+09
8.634330657767127991e+09
8.660939954992776871e+09
8.686673020943143845e+09
8.711558879386619568e+09
8.735622179071628571e+09
8.758891769548446655e+09
8.781395906614177704e+09
8.803159763406076431e+09
8.824207764011405945e+09
8.844560534404684067e+09
8.864236299474514008e+09
8.883266657068168640e+09
8.901673710321411133e+09
8.919477673493560791e+09
8.936691777614717484e+09
8.953339296471809387e+09
8.969439913597700119e+09
8.985012163057003021e+09
9.000062304122278214e+09
9.014616261937633514e+09
9.028692798188728333e+09
9.042306237470596313e+09
9.055468218095941544e+09
9.068198280387994766e+09
9.080511632050928116e+09
9.092409900355207443e+09
9.103916740365947723e+09
9.115047266050687790e+09
9.125808105446426392e+09
9.136215701250156403e+09
9.146282225069231033e+09
9.156009215950773239e+09
9.165417503718959808e+09
9.174515591160631180e+09
9.183313946485174179e+09
9.191825599197177887e+09
9.200049321047073364e+09
9.208003708971973419e+09
9.215695309837284088e+09
9.223135079264942169e+09
9.230326266261350632e+09
9.237279754294050217e+09
9.244005469716474533e+09
9.250510252385654449e+09
9.256800053475484848e+09
9.262880473418006897e+09
9.268761709379024506e+09
9.274450849996654510e+09
9.279948553082775116e+09
