0.000000000000000000e+00
1.340401343356969580e+07
4.271414880205923319e+07
7.861887022837805748e+07
1.177732617011953294e+08
1.580419995900147855e+08
1.981465082006650269e+08
2.370535069651627839e+08
2.743842051873168945e+08
3.094907338466072679e+08
3.425363488688133359e+08
3.730594366315850019e+08
4.013868622878931761e+08
4.274487799506760240e+08
4.512704035985953212e+08
4.730249066677988768e+08
4.927414146626666188e+08
5.106043770269398689e+08
5.267073623012892604e+08
5.412268862368344069e+08
5.541304206358691454e+08
5.656839970105184317e+08
5.760389620938208103e+08
5.850538868899527788e+08
5.930187601999742985e+08
5.999650132060273886e+08
6.060828459583612680e+08
6.112163807511276007e+08
6.155833974947006702e+08
6.192561214162304401e+08
6.222999747196036577e+08
6.247707422156888247e+08
6.265393551207093000e+08
6.278882091155120134e+08
6.287397171582512856e+08
6.292141037315372229e+08
6.293157365465606451e+08
6.289172518251004219e+08
6.282551804599225521e+08
6.272964954233750105e+08
6.260549779225907326e+08
6.246149569710215330e+08
6.228743526927142143e+08
6.208689742278710604e+08
6.187151667603421211e+08
6.163878493393273354e+08
6.138816567195342779e+08
6.112649592371860743e+08
6.085436367159253359e+08
6.055614892405170202e+08
6.024989620820008516e+08
5.993630588504817486e+08
5.961363678626143932e+08
5.927988424973937273e+08
5.894073116464685202e+08
5.859659713903800249e+08
5.824527568583341837e+08
5.788021377800283432e+08
5.751190760727978945e+08
5.714064365186725855e+08
5.676666429820790291e+08
5.638761362213408947e+08
5.600417043075846434e+08
5.561895078874409199e+08
5.523209781869673729e+08
5.484374369858068228e+08
5.445399950609598160e+08
5.405661207094898224e+08
5.365814129976595044e+08
5.325931495482348800e+08
5.286022429501026273e+08
5.246095431894637942e+08
5.206158601139739156e+08
5.166219796600636244e+08
5.126223766434563398e+08
5.086119503025397658e+08
5.046062185244585872e+08
5.006058139893760681e+08
4.966113584537796974e+08
4.926235244694654346e+08
4.886431355883320570e+08
4.846709214388980269e+08
4.807072508506816626e+08
4.767523828213858604e+08
4.728068844984877706e+08
4.688713661335433125e+08
4.649464341324675679e+08
4.610327124465577602e+08
4.571308086540381312e+08
4.532413379074885845e+08
4.493649085778108835e+08
4.455021338782992363e+08
4.416536197606431246e+08
4.378199615490545034e+08
4.340017744668119550e+08
4.301996562414852977e+08
4.264141929317091703e+08
4.226459824467372894e+08
4.188956081749012470e+08
4.151636451058910489e+08
4.114420440241247416e+08
4.077326263159965873e+08
4.040433117574472427e+08
4.003746461351509690e+08
3.967271420615538359e+08
3.931012995793014169e+08
3.894975909842858911e+08
3.859164678862961531e+08
3.823584128364195824e+08
3.787806051186786890e+08
3.752244898611137867e+08
3.716942282235246301e+08
3.681901143951307535e+08
3.647124097794927359e+08
3.612613641827633977e+08
3.578225603152570724e+08
3.543984212649123669e+08
3.510030255784155130e+08
3.476363823155493140e+08
3.442984482330315113e+08
3.409768986340190768e+08
3.376353315358299613e+08
