0.000000000000000000e+00
1.338848091361248866e+06
5.616645913903377019e+06
1.347696744053385593e+07
2.524093982673969865e+07
4.102121230684618652e+07
6.080374792977630347e+07
8.447286686333149672e+07
1.118762905725435764e+08
1.427994882286403179e+08
1.770408741557933092e+08
2.143481912385594547e+08
2.544972412340570688e+08
2.972496249209153652e+08
3.423786984680216908e+08
3.896800369330964684e+08
4.389517668596570492e+08
4.900101199721357822e+08
5.426804723085039854e+08
5.968053090424909592e+08
6.522240840195311308e+08
7.088018584244765043e+08
7.664180833379085064e+08
8.249360944946084023e+08
8.842474495098185539e+08
9.442495941166014671e+08
1.004860882171745539e+09
1.065983914858098507e+09
1.127542826654907465e+09
1.189468922654534578e+09
1.251699871593178034e+09
1.314178721868781805e+09
1.376835148912759542e+09
1.439626636289983273e+09
1.502502374685422897e+09
1.565423580541114807e+09
1.628353396192239285e+09
1.691242477542313337e+09
1.754065050865898609e+09
1.816792010755122900e+09
1.879395513878898382e+09
1.941856047571712255e+09
2.004143435364873886e+09
2.066231290621678591e+09
2.128104359180893421e+09
2.189744499035171032e+09
2.251133288838307858e+09
2.312259898927021503e+09
2.373114345746217251e+09
2.433670758364484310e+09
2.493921255404531002e+09
2.553858615622624874e+09
2.613473684990878582e+09
2.672755198924521446e+09
2.731697606655690193e+09
2.790295635784882545e+09
2.848541727248037815e+09
2.906421964663309097e+09
2.963933319971521854e+09
3.021073299006488800e+09
3.077839361625975609e+09
3.134226557737279415e+09
3.190230537232973099e+09
3.245849459783123493e+09
3.301081506827869892e+09
3.355925109047585011e+09
3.410378821618154049e+09
3.464434851655484200e+09
3.518092028028722763e+09
3.571350176857374668e+09
3.624209404517690659e+09
3.676669733033348083e+09
3.728731118262468338e+09
3.780393550930149078e+09
3.831656334922758102e+09
3.882518218422669411e+09
3.932979582603670597e+09
3.983040881858446598e+09
4.032702587528410435e+09
4.081965301798460484e+09
4.130829825893840790e+09
4.179297145226967812e+09
4.227368255819762707e+09
4.275044043391340733e+09
4.322325417207877159e+09
4.369213280523688316e+09
4.415708545028609276e+09
4.461812251006163597e+09
4.507525542310912132e+09
4.552849621479653358e+09
4.597785781032557487e+09
4.642335466961363792e+09
4.686500263792654991e+09
4.730281823469966888e+09
4.773681725196852684e+09
4.816701550790201187e+09
4.859342915304954529e+09
4.901607452250354767e+09
4.943496888920080185e+09
4.985013046806319237e+09
5.026156949218049049e+09
5.066929811967199326e+09
5.107333698548457146e+09
5.147370772170755386e+09
5.187043263323192596e+09
5.226353375834903717e+09
5.265303284589355469e+09
5.303895197375434875e+09
5.342131343489415169e+09
5.380009692883166313e+09
5.417532394853007317e+09
5.454702014460852623e+09
5.491521153845947266e+09
5.527992473064923286e+09
5.564118690226817131e+09
5.599901093200162888e+09
5.635341172635865211e+09
5.670441755670691490e+09
5.705205665712293625e+09
5.739635731666819572e+09
5.773733540085460663e+09
5.807497091421422005e+09
