0.000000000000000000e+00
5.863276475712141953e+06
1.192454853833194450e+07
1.819640865070466697e+07
2.467114406093041599e+07
3.135762957749805972e+07
3.825928440012267232e+07
4.537874590893220901e+07
5.271759943085779995e+07
6.027742333888778090e+07
6.806085481078249216e+07
7.607012661029224098e+07
8.430743751850871742e+07
9.277354695775847137e+07
1.014688105008152127e+08
1.104036622936263680e+08
1.195779337404131889e+08
1.290023394825454354e+08
1.386755882845889628e+08
1.485994589606527090e+08
1.588001392786418200e+08
1.692794155087663531e+08
1.800406351110408008e+08
1.911027112443486154e+08
2.024659517593196034e+08
2.141283885180098116e+08
2.261148439440641999e+08
2.384457025848985910e+08
2.511217822252273560e+08
2.641576874437405765e+08
2.775748483659298420e+08
2.913797871075499058e+08
3.055537088658994436e+08
3.201361152344842553e+08
3.351592056745060682e+08
3.506219638652691245e+08
3.665353371870067120e+08
3.829304214754908085e+08
3.998260704098368883e+08
4.172010000237663388e+08
4.350699726438885927e+08
4.534907350020468235e+08
4.724764168900681138e+08
4.920217349835135937e+08
5.121709498513070941e+08
5.329494373740295172e+08
5.543530576417926550e+08
5.763537450517550707e+08
5.990519203179609776e+08
6.224544157027261257e+08
6.465666366699088812e+08
6.714381427458719015e+08
6.970712140156685114e+08
7.234395080710510015e+08
7.506407123833446503e+08
7.787014143852078915e+08
8.076263538119736910e+08
8.374577318803958893e+08
8.681889010399768353e+08
8.998319925557225943e+08
9.324775091671793461e+08
9.661399939764566422e+08
1.000856281158982635e+09
1.036665459662995219e+09
1.073528495608689308e+09
1.111535563388720989e+09
1.150717809587813616e+09
1.191133640162078142e+09
1.232821579846292496e+09
1.275724148886523724e+09
1.319970757227619648e+09
1.365572239377275229e+09
1.412633056192591190e+09
1.461048099423309565e+09
1.510986952189311981e+09
1.562448137975751877e+09
1.615537686637652874e+09
1.670162950382203579e+09
1.726509244155950546e+09
1.784587216745187759e+09
1.844477619647303820e+09
1.906123285585317850e+09
1.969684230459009171e+09
2.035203043381213188e+09
2.102723973091109276e+09
2.172252130443472862e+09
2.243949581539406776e+09
2.317804814629690170e+09
2.393873062911482811e+09
2.472290066667392254e+09
2.553027787337486744e+09
2.636207266298788071e+09
2.721949297171024799e+09
2.810216850884670734e+09
2.901174465480185032e+09
2.994926302079370022e+09
3.091425744660010815e+09
3.190885971161162376e+09
3.293340344442479610e+09
3.398780464070986748e+09
3.507419057849685192e+09
3.619425948804184914e+09
3.734665633709002018e+09
3.853405613529752731e+09
3.975608614467226982e+09
4.101546845099650383e+09
4.231290338785101891e+09
4.364797199083392143e+09
4.502291849414093971e+09
4.643878415424380302e+09
4.789653859823084831e+09
4.939724450660591125e+09
5.094373226561562538e+09
5.253623369035866737e+09
5.417552389263104439e+09
5.586299705810311317e+09
5.760028183502215385e+09
5.938851277985510826e+09
6.122969545832957268e+09
6.312477340494429588e+09
6.507614342142803192e+09
6.708449390464436531e+09
