0.000000000000000000e+00
5.862355104338218458e+06
1.193008569859839976e+07
1.820170055857583508e+07
2.468512682004792988e+07
3.139017917558722198e+07
3.832519467676778138e+07
4.549829731587560475e+07
5.291779684330782294e+07
6.059092849284322560e+07
6.852637708616472781e+07
7.673317941372123361e+07
8.521863653644524515e+07
9.399352389268943667e+07
1.030666555099879056e+08
1.124493851654616594e+08
1.221490333832460642e+08
1.321786312277694345e+08
1.425485617570203543e+08
1.532710972263006866e+08
1.643569769802069366e+08
1.758180545674279928e+08
1.876688884706136584e+08
1.999211785001109540e+08
2.125896227700340450e+08
2.256875508390288353e+08
2.392281105886578262e+08
2.532285809657482207e+08
2.677036417496074736e+08
2.826696865535131097e+08
2.981441541499704719e+08
3.141411545400860310e+08
3.306805627971479893e+08
3.477819144893426299e+08
3.654621771815245152e+08
3.837426775816317201e+08
4.026423798172132969e+08
4.221814899720981717e+08
4.423840525247897506e+08
4.632713813151842356e+08
4.848673138440302610e+08
5.071968597417959571e+08
5.302807358179187179e+08
5.541478241211581230e+08
5.788245115428382158e+08
6.043380853850773573e+08
6.307182166111391783e+08
6.579904008902008533e+08
6.861877922577010393e+08
7.153418098728624582e+08
7.454848084083321095e+08
7.766518697943178415e+08
8.088727269700849056e+08
8.421873201481819153e+08
8.766317255329165459e+08
9.122454530232812166e+08
9.490657751076644659e+08
9.871343851892366409e+08
1.026495435893496394e+09
1.067191729528618574e+09
1.109269959109622717e+09
1.152772365718398809e+09
1.197752279157318830e+09
1.244257574932488441e+09
1.292342210638327122e+09
1.342054672539937735e+09
1.393455060957939386e+09
1.446599610386530399e+09
1.501546024088483810e+09
1.558356085938455582e+09
1.617093609804939508e+09
1.677826602060887098e+09
1.740616037701413155e+09
1.805538220391391754e+09
1.872663129312966824e+09
1.942063161654978275e+09
2.013819278285077572e+09
2.088010000202758074e+09
2.164718709726579666e+09
2.244028599002262115e+09
2.326029932466691494e+09
2.410815281080188751e+09
2.498475365575213432e+09
2.589110538867072105e+09
2.682821411634585381e+09
2.779712149590733528e+09
2.879891246096086979e+09
2.983466269929269791e+09
3.090558650302370071e+09
3.201288608048138618e+09
3.315770256567656994e+09
3.434138150570069313e+09
3.556523732339093208e+09
3.683062388075413704e+09
3.813898730195913792e+09
3.949169168827610016e+09
4.089031951376447201e+09
4.233639773166228294e+09
4.383156169870897293e+09
4.537748869026174545e+09
4.697585835216146469e+09
4.862853126801486015e+09
5.033722869871284485e+09
5.210395098147243500e+09
5.393057719427190781e+09
5.581923193543211937e+09
5.777194944027836800e+09
5.979097515818217278e+09
6.187849504449556351e+09
6.403689484383342743e+09
6.626851998938208580e+09
6.857592069574575424e+09
7.096159926402523041e+09
7.342829443815842628e+09
7.597866249353184700e+09
7.861562670859167099e+09
8.134204305653825760e+09
8.416101680768418312e+09
8.707564838967844009e+09
9.008920286032535553e+09
9.320506506991115570e+09
9.642666580395311356e+09
