4.756334080505139617e-01
4.979365670124293319e-01
5.198606720705167827e-01
5.414486320331665103e-01
5.627367171678998581e-01
5.837558934216238171e-01
6.045328314110656187e-01
6.250906820125590180e-01
6.454496812455193799e-01
6.656276281783236604e-01
6.856402669433820929e-01
7.055015953427035136e-01
7.252241165552938407e-01
7.448190462445484217e-01
7.642964843437154432e-01
7.836655586016290087e-01
8.029345453533319743e-01
8.221109717742637324e-01
8.412017029671060575e-01
8.602130165393557792e-01
8.791506667944848363e-01
8.980199402495507854e-01
9.168257038667202430e-01
9.355724471322541813e-01
9.542643189139669024e-01
9.729051598663372991e-01
9.914985310222146353e-01
1.010047739104575681e+00
1.028555859005934270e+00
1.047025753812577342e+00
1.065460092693033767e+00
1.083861366922151515e+00
1.102231904272456653e+00
1.120573881971202557e+00
1.138889338393670903e+00
1.157180183639862747e+00
1.175448209121892074e+00
1.193695096272619161e+00
1.211922424471759019e+00
1.230131678273497897e+00
1.248324254009200551e+00
1.266501465829805939e+00
1.284664551244758091e+00
1.302814676207648237e+00
1.320952939792916947e+00
1.339080378502943702e+00
1.357197970240456186e+00
1.375306637977343316e+00
1.393407253147619818e+00
1.411500638789318529e+00
1.429587572457518219e+00
1.447668788928412997e+00
1.465744982712319455e+00
1.483816810391735519e+00
1.501884892798975191e+00
1.519949817046504226e+00
1.538012138421841923e+00
1.556072382157790868e+00
1.574131045087745706e+00
1.592188597194953203e+00
1.610245483063791783e+00
1.628302123240419119e+00
1.646358915509501308e+00
1.664416236093145374e+00
1.682474440777646851e+00
1.700533865973181680e+00
1.718594829711151073e+00
1.736657632583503030e+00
1.754722558627999973e+00
1.772789876163081146e+00
1.790859838575698193e+00
1.808932685065216539e+00
1.827008641346244744e+00
1.845087920313048135e+00
1.863170722667985446e+00
1.881257237516237524e+00
1.899347642928921776e+00
1.917442106476549446e+00
1.935540785734616964e+00
1.953643828763026224e+00
1.971751374560880787e+00
1.989863553498122384e+00
2.007980487725348429e+00
2.026102291563081081e+00
2.044229071871663805e+00
2.062360928402870552e+00
2.080497954134279848e+00
2.098640235587336367e+00
2.116787853130035923e+00
2.134940881265045665e+00
2.153099388904061495e+00
2.171263439629134595e+00
2.189433091941659359e+00
2.207608399499683127e+00
2.225789411344130553e+00
2.243976172114519940e+00
2.262168722254767061e+00
2.280367098209444610e+00
2.298571332611148765e+00
2.316781454459303724e+00
2.334997489290869588e+00
2.353219459343359965e+00
2.371447383710526768e+00
2.389681278491094130e+00
2.407921156930849182e+00
2.426167029558445432e+00
2.444418904315182051e+00
2.462676786679070862e+00
2.480940679783450786e+00
2.499210584530405566e+00
2.517486499699228109e+00
2.535768422050160620e+00
2.554056346423627222e+00
2.572350265835169569e+00
2.590650171566276416e+00
2.608956053251290541e+00
2.627267898960578663e+00
2.645585695280128657e+00
2.663909427387723738e+00
2.682239079125862791e+00
2.700574633071555208e+00
