# gal r_l08(kpc) hi_l08(Msun/pc^2) hi_err_l08(Msun/pc^2) h2_f16_at_rl08(Msun/pc^2) sfrd_l08(1e-4*Msun/yr/kpc^2) sfrd_err_l08(1e-4*Msun/yr/kpc^2)
DDO154 0.1 7.021415552178626 0.673286422811649 0.0 0.0 10.003112567487356 2.1160430431223256
DDO154 0.3 6.9252317774912475 0.7694701974990275 0.0 0.0 9.426009919363088 1.1542052962485412
DDO154 0.5 6.8290480028038685 0.673286422811649 0.0 0.0 7.983253299052411 1.2503890709359196
DDO154 0.7 6.540496678741733 0.48091887343689216 0.0 0.0 6.348129129366976 1.7313079443728119
DDO154 0.9 6.348129129366976 0.3847350987495137 0.0 0.0 4.9053725090563 1.538940394998055
DDO154 1.1 6.636680453429112 0.673286422811649 0.0 0.0 3.65498343812038 1.0580215215611628
DDO154 1.4 6.73286422811649 0.7694701974990275 0.0 0.0 2.5969619165592177 0.8656539721864059
IC2574 0.1 10.3 2.5 0.0 0.0 6.7 1.0
IC2574 0.3 10.7 2.3 0.0 0.0 7.5 1.6
IC2574 0.5 10.7 1.6 0.0 0.0 8.2 2.4
IC2574 0.7 9.6 1.3 0.0 0.0 8.7 3.1
IC2574 0.9 8.2 1.4 0.0 0.0 8.6 3.0
IC2574 1.1 7.7 1.6 0.0 0.0 7.7 2.2
IC2574 1.3 8.0 1.7 0.0 0.0 6.5 1.4
IC2574 1.5 8.5 1.7 0.0 0.0 5.7 1.0
IC2574 1.6 9.0 1.4 0.0 0.0 5.6 1.2
IC2574 1.8 9.3 1.1 0.0 0.0 5.0 1.0
IC2574 2.0 9.2 1.2 0.0 0.0 4.4 0.6
IC2574 2.2 8.8 1.2 0.0 0.0 4.6 1.0
IC2574 2.4 7.9 1.1 0.0 0.0 5.2 1.6
IC2574 2.6 7.2 1.1 0.0 0.0 5.9 2.6
IC2574 2.8 7.2 1.2 0.0 0.0 6.4 3.1
IC2574 3.0 7.5 1.3 0.0 0.0 6.0 2.4
IC2574 3.2 7.9 1.3 0.0 0.0 4.9 1.4
IC2574 3.4 8.3 1.3 0.0 0.0 4.1 0.9
IC2574 3.6 8.5 1.1 0.0 0.0 3.7 0.8
IC2574 3.8 8.7 1.1 0.0 0.0 3.6 0.9
IC2574 4.0 9.0 1.0 0.0 0.0 3.8 1.1
IC2574 4.2 9.2 0.9 0.0 0.0 4.3 1.3
IC2574 4.4 9.3 0.9 0.0 0.0 5.2 1.9
IC2574 4.6 9.4 0.9 0.0 0.0 7.3 3.4
IC2574 4.8 9.5 0.9 0.0 0.0 9.4 4.9
IC2574 4.9 9.7 0.9 0.0 0.0 9.8 5.3
IC2574 5.1 10.1 1.0 0.0 0.0 9.8 5.5
IC2574 5.3 10.4 1.0 0.0 0.0 9.7 5.6
IC2574 5.5 10.4 1.0 0.0 0.0 8.2 4.5
IC2574 5.7 10.2 1.0 0.0 0.0 6.0 2.8
IC2574 5.9 9.6 0.9 0.0 0.0 4.2 1.5
IC2574 6.1 8.6 0.7 0.0 0.0 2.9 0.8
IC2574 6.3 8.0 0.7 0.0 0.0 2.2 0.5
IC2574 6.5 7.7 0.8 0.0 0.0 2.1 0.5
IC2574 6.7 7.5 0.8 0.0 0.0 2.0 0.6
IC2574 6.9 7.3 0.8 0.0 0.0 1.8 0.5
IC2574 7.1 6.9 0.7 0.0 0.0 1.6 0.5
IC2574 7.3 6.5 0.6 0.0 0.0 1.5 0.4
IC2574 7.5 6.0 0.5 0.0 0.0 1.3 0.4
IC2574 7.7 5.7 0.5 0.0 0.0 0.0 1.0
IC2574 7.9 5.6 0.5 0.0 0.0 0.0 1.0
IC2574 8.0 5.4 0.5 0.0 0.0 0.0 1.0
IC2574 8.2 5.2 0.5 0.0 0.0 0.0 1.0
IC2574 8.4 4.9 0.6 0.0 0.0 0.0 1.0
IC2574 8.6 4.5 0.6 0.0 0.0 0.0 1.0
IC2574 8.8 4.0 0.5 0.0 0.0 0.0 1.0
NGC0925 0.2 10.031990980058444 0.6514279857180807 3.449369323543249 0.7639853415473958 182.92097838963707 31.007972120180643
NGC0925 0.7 10.943990160063755 1.3028559714361614 2.791621096398953 0.6183036366231918 117.64789422068537 19.15198278011157
NGC0925 1.1 11.204561354350988 1.0422847771489292 2.7084851801172594 0.5998902353785601 85.33706612906857 11.986274937212684
NGC0925 1.6 10.683418965776523 1.0422847771489292 2.4569003673559693 0.5441678435216819 57.45594834033472 7.42627903718612
NGC0925 2.0 11.074275757207372 1.0422847771489292 2.25143405659526 0.4986600318380788 48.857098928856054 11.074275757207372
NGC0925 2.5 10.943990160063755 1.1725703742925453 1.316674749429098 0.29162438515459504 41.430819891669934 10.031990980058444
NGC0925 2.9 9.77141978577121 0.9119991800053129 0.5978435249153247 0.13241368109146362 27.490260997303007 4.429710302882949
NGC0925 3.3 9.380562994340362 0.6514279857180807 0.3860822044744868 0.08551161594601978 21.49712352869666 2.6057119428723228
NGC0925 3.8 10.422847771489291 0.7817135828616968 0.33084400810729525 0.07327715556799878 19.673125168686038 2.0845695542978584
NGC0925 4.2 11.334846951494603 0.7817135828616968 0.24322065744605503 0.05386985260813772 20.063981960116887 2.2148551514414745
NGC0925 4.7 9.250277397196745 0.5211423885744646 0.14790944857237057 0.03275980041173828 19.803410765829653 2.4754263457287067
NGC0925 5.1 8.207992620047817 0.3908567914308484 0.10518872040880217 0.023297777927097245 16.415985240095633 1.8239983600106258
NGC0925 5.6 8.077707022904201 0.5211423885744646 0.10956076179544728 0.024266121765849868 13.81027329722331 1.69371276286701
NGC0925 6.0 8.729135008622281 0.6514279857180807 0.2439738653574256 0.05403667725039828 16.025128448664788 3.126854331446787
NGC0925 6.5 9.901705382914827 0.7817135828616968 0.3197469995824893 0.07081932891832314 17.979412405819026 4.169139108595717
NGC0925 6.9 10.422847771489291 0.7817135828616968 0.2466484023471344 0.05462904845333601 16.285699642952018 3.126854331446787
NGC0925 7.4 10.162276577202059 0.6514279857180807 0.17008127188494254 0.0376705381198083 13.940558894366927 1.8239983600106258
NGC0925 7.8 9.901705382914827 0.6514279857180807 0.0865001906958445 0.019158539296336107 14.070844491510544 2.3451407485850906
NGC0925 8.3 9.641134188627595 0.6514279857180807 0.0 0.0 10.943990160063755 2.2148551514414745
NGC0925 8.7 9.510848591483978 0.6514279857180807 0.0 0.0 7.686850231473352 1.1725703742925453
NGC0925 9.1 9.380562994340362 0.6514279857180807 0.0 0.0 6.5142798571808065 0.7817135828616968
NGC0925 9.6 9.380562994340362 0.6514279857180807 0.0 0.0 6.905136648611655 1.0422847771489292
NGC0925 10.0 9.901705382914827 0.6514279857180807 0.0 0.0 8.338278217191434 1.5634271657233936
NGC0925 10.5 10.292562174345676 0.5211423885744646 0.0 0.0 10.553133368632906 2.6057119428723228
NGC0925 10.9 10.031990980058444 0.5211423885744646 0.0 0.0 11.465132548638222 3.38742552573402
NGC0925 11.4 10.162276577202059 0.5211423885744646 0.0 0.0 10.422847771489291 2.6057119428723228
NGC0925 11.8 9.901705382914827 0.5211423885744646 0.0 0.0 6.905136648611655 1.1725703742925453
NGC0925 12.3 9.510848591483978 0.3908567914308484 0.0 0.0 5.0811382886010295 0.9119991800053129
NGC0925 12.7 8.468563814335049 0.3908567914308484 0.0 0.0 3.908567914308484 0.6514279857180807
NGC0925 13.2 7.686850231473352 0.3908567914308484 0.0 0.0 3.38742552573402 0.7817135828616968
NGC0925 13.6 6.644565454324423 0.5211423885744646 0.0 0.0 2.996568734303171 0.9119991800053129
NGC0925 14.0 5.993137468606342 0.5211423885744646 0.0 0.0 2.3451407485850906 0.7817135828616968
NGC0925 14.5 5.732566274319111 0.5211423885744646 0.0 0.0 0.0 1.3028559714361614
NGC0925 14.9 5.0811382886010295 0.3908567914308484 0.0 0.0 0.0 1.3028559714361614
NGC0925 15.4 4.299424705739332 0.3908567914308484 0.0 0.0 0.0 1.3028559714361614
NGC0925 15.8 3.778282317164868 0.3908567914308484 0.0 0.0 0.0 1.3028559714361614
NGC0925 16.3 3.126854331446787 0.2605711942872323 0.0 0.0 0.0 1.3028559714361614
NGC0925 16.7 2.6057119428723228 0.2605711942872323 0.0 0.0 0.0 1.3028559714361614
NGC2403 0.1 7.154829137424588 0.32036548376528 8.653598313312978 4.620523683258206 89.48875846510155 4.912270751067626
NGC2403 0.2 7.261617632013014 0.32036548376528 8.876237200199197 4.739400041095317 94.29424072158075 5.766578707775041
NGC2403 0.4 7.368406126601441 0.4271539783537067 11.504853909033539 6.142930147027338 96.96395308629141 6.300521180717174
NGC2403 0.5 7.581983115778294 0.4271539783537067 10.979255328377587 5.8622907410970235 92.26525932440066 11.960311393903787
NGC2403 0.7 7.688771610366721 0.4271539783537067 9.416768669032088 5.028012750266995 84.68327620862235 18.367621069209388
NGC2403 0.9 7.688771610366721 0.32036548376528 6.851993488777652 3.658570347981336 80.62531341426214 23.49346880945387
NGC2403 1.0 7.795560104955147 0.32036548376528 6.51227105645333 3.4771781123521706 82.01356384391168 27.871797087579363
NGC2403 1.2 7.795560104955147 0.32036548376528 6.597867967859943 3.5228819389048263 87.03262308956774 33.85195278453126
NGC2403 1.3 7.795560104955147 0.32036548376528 6.515743189610941 3.4790320317167294 86.92583459497932 35.66735719253451
NGC2403 1.5 7.902348599543575 0.4271539783537067 5.9433991484655975 3.1734332390138906 79.13027449002416 29.687201495582617
NGC2403 1.6 7.902348599543575 0.5339424729421334 5.187851188815684 2.770014093012033 67.91748255823937 20.61017945556635
NGC2403 1.8 8.009137094132 0.64073096753056 3.840326696531431 2.050513533251686 56.81147912104299 12.280676877669068
NGC2403 1.9 8.115925588720426 0.64073096753056 3.3042845549153075 1.7642978665559759 47.734457081026726 7.688771610366721
NGC2403 2.1 8.222714083308855 0.7475194621189867 2.5758425480885623 1.375351740035973 41.11357041654427 6.300521180717174
NGC2403 2.2 8.436291072485707 0.7475194621189867 2.296618302272242 1.2262620557194048 36.521665149241926 5.44621322400976
NGC2403 2.4 8.543079567074134 0.7475194621189867 1.9290031413452715 1.029976707603038 34.06552977370811 4.8054822564792
NGC2403 2.6 8.756656556250986 0.7475194621189867 1.9844425160431762 1.0595781444276027 32.463702354881704 4.378328278125493
NGC2403 2.7 8.970233545427842 0.7475194621189867 1.9875755843502128 1.0612510226673584 31.39581740899744 4.057962794360213
NGC2403 2.9 9.29059902919312 0.7475194621189867 2.0228804341451996 1.0801017814737441 30.22114396852475 3.9511742997717874
NGC2403 3.0 9.504176018369975 0.7475194621189867 2.0802254078683533 1.1107206985542866 30.22114396852475 4.271539783537067
NGC2403 3.2 9.824541502135252 0.7475194621189867 2.254681089381999 1.2038699965604878 32.78406783864699 6.300521180717174
NGC2403 3.3 10.144906985900533 0.64073096753056 2.0575816216646974 1.0986302193519335 37.696338589714614 10.678849458842667
NGC2403 3.5 10.358483975077387 0.64073096753056 1.6144468843061888 0.8620217618401688 40.36605095442528 14.202869780260748
NGC2403 3.6 10.358483975077387 0.64073096753056 1.332923651634847 0.7117045507969689 38.23028106265674 14.09608128567232
NGC2403 3.8 10.25169548048896 0.5339424729421334 0.7717083177931463 0.4120478475924863 32.99764482782384 11.106003437196375
NGC2403 4.0 10.038118491312108 0.5339424729421334 0.38610166722873734 0.20615607900719268 27.551431603814084 8.32950257789728
NGC2403 4.1 9.824541502135252 0.5339424729421334 0.24391939609806326 0.13023892555115166 22.852737841923307 6.7276751590708805
NGC2403 4.3 9.397387523781548 0.5339424729421334 0.20511525168926606 0.10951974472511482 18.367621069209388 5.019059245656054
NGC2403 4.4 9.077022040016267 0.5339424729421334 0.15584038471691936 0.08320980040000536 14.630023758614454 3.310443332241227
NGC2403 4.6 8.756656556250986 0.4271539783537067 0.10063844602744709 0.05373514074494852 12.067099888492216 2.349346880945387
NGC2403 4.7 8.32950257789728 0.4271539783537067 0.09925502500572048 0.05299647350348768 10.465272469665814 2.0289813971801065
NGC2403 4.9 7.902348599543575 0.4271539783537067 0.12231234359974798 0.06530775521299735 9.397387523781548 1.8154044080032534
NGC2403 5.0 7.581983115778294 0.4271539783537067 0.12231234359974798 0.06530775521299735 8.543079567074134 1.9221929025916802
NGC2403 5.2 7.154829137424588 0.4271539783537067 0.12231234359974798 0.06530775521299735 8.115925588720426 2.349346880945387
NGC2403 5.4 6.8344636536593075 0.4271539783537067 0.1217630041259375 0.06501443953586626 7.902348599543575 3.2036548376528002
NGC2403 5.5 6.620886664482454 0.4271539783537067 0.07248813723742036 0.03870449525551697 7.688771610366721 3.9511742997717874
NGC2403 5.7 6.4073096753056005 0.4271539783537067 0.011698191743278661 0.006246161428357455 7.154829137424588 4.057962794360213
NGC2403 5.8 6.1937326861287465 0.32036548376528 0.0 0.0 6.4073096753056005 3.4172318268296538
NGC2403 6.0 6.08694419154032 0.32036548376528 0.0 0.0 5.659790213186613 2.456135375533813
NGC2403 6.1 6.08694419154032 0.32036548376528 0.0 0.0 5.232636234832907 1.4950389242379734
NGC2403 6.3 5.980155696951893 0.32036548376528 0.0 0.0 5.019059245656054 1.0678849458842667
NGC2403 6.4 5.980155696951893 0.32036548376528 0.0 0.0 4.8054822564792 0.8543079567074134
NGC2403 6.6 5.980155696951893 0.32036548376528 0.0 0.0 4.485116772713921 0.7475194621189867
NGC2403 6.7 6.08694419154032 0.32036548376528 0.0 0.0 3.9511742997717874 0.5339424729421334
NGC2403 6.9 6.1937326861287465 0.32036548376528 0.0 0.0 3.630808816006507 0.5339424729421334
NGC2403 7.1 6.1937326861287465 0.32036548376528 0.0 0.0 3.4172318268296538 0.5339424729421334
NGC2403 7.2 6.1937326861287465 0.32036548376528 0.0 0.0 3.2036548376528002 0.5339424729421334
NGC2403 7.4 6.08694419154032 0.32036548376528 0.0 0.0 2.8832893538875206 0.4271539783537067
NGC2403 7.5 5.980155696951893 0.32036548376528 0.0 0.0 2.56292387012224 0.4271539783537067
NGC2403 7.7 5.766578707775041 0.21357698917685336 0.0 0.0 2.349346880945387 0.4271539783537067
NGC2403 7.8 5.659790213186613 0.21357698917685336 0.0 0.0 2.0289813971801065 0.4271539783537067
NGC2403 8.0 5.553001718598187 0.21357698917685336 0.0 0.0 1.7086159134148269 0.32036548376528
NGC2403 8.1 5.44621322400976 0.21357698917685336 0.0 0.0 1.4950389242379734 0.21357698917685336
NGC2403 8.3 5.44621322400976 0.21357698917685336 0.0 0.0 1.28146193506112 0.21357698917685336
NGC2403 8.5 5.339424729421333 0.21357698917685336 0.0 0.0 1.1746734404726935 0.10678849458842668
NGC2403 8.6 5.232636234832907 0.21357698917685336 0.0 0.0 1.0678849458842667 0.10678849458842668
NGC2403 8.8 5.12584774024448 0.21357698917685336 0.0 0.0 1.0678849458842667 0.21357698917685336
NGC2841 0.3 0.0 1.0182462681405462 0.0 0.0 51.01413803384136 20.670399243253087
NGC2841 1.0 0.0 1.0182462681405462 0.0 0.0 20.568574616439033 7.840496264682206
NGC2841 1.7 0.0 1.0182462681405462 0.0 0.0 10.080638054591407 1.7310186558389284
NGC2841 2.4 0.0 1.0182462681405462 0.0002131292177747454 6.727558949556297e-05 9.26604104007897 0.7127723876983822
NGC2841 3.1 0.0 1.0182462681405462 0.14045186787469846 0.04433452299820204 12.015305964058445 1.3237201485827101
NGC2841 3.8 1.3237201485827101 0.20364925362810926 0.8353565580746556 0.26368559632613736 17.61566043883145 1.8328432826529832
NGC2841 4.4 1.7310186558389284 0.20364925362810926 1.338399746851873 0.4224743697287731 21.281347004137412 1.4255447753967645
NGC2841 5.1 2.138317163095147 0.20364925362810926 1.9470196656993062 0.6145891076643174 21.077697750509305 0.814597014512437
NGC2841 5.8 2.4437910435373107 0.20364925362810926 2.1770027480383694 0.6871847264157529 19.957626855554707 0.7127723876983822
NGC2841 6.5 2.5456156703513653 0.20364925362810926 2.1427141676456682 0.6763613185180943 18.837555960600106 1.0182462681405462
NGC2841 7.2 2.6474402971654203 0.20364925362810926 1.803290074100798 0.5692199503816883 16.495589543876847 1.0182462681405462
NGC2841 7.9 2.6474402971654203 0.10182462681405463 1.438596114367828 0.45410198869312474 13.44085073945521 1.120070894954601
NGC2841 8.5 2.749264923979475 0.10182462681405463 1.2342103440873506 0.38958632385989533 11.811656710430336 1.0182462681405462
NGC2841 9.2 2.851089550793529 0.10182462681405463 0.8640672673831011 0.2727483138349251 10.487936561847626 1.0182462681405462
NGC2841 9.9 2.952914177607584 0.10182462681405463 0.6281990257715702 0.19829500722884272 9.26604104007897 0.9164216413264916
NGC2841 10.6 3.0547388044216386 0.10182462681405463 0.43822154160926663 0.13832740930235418 7.840496264682206 0.7127723876983822
NGC2841 11.3 3.0547388044216386 0.10182462681405463 0.2540056872511933 0.08017850637030072 6.516776116099496 0.6109477608843277
NGC2841 12.0 2.851089550793529 0.10182462681405463 0.1523493622161882 0.04809004255437005 5.0912313407027305 0.6109477608843277
NGC2841 12.6 2.5456156703513653 0.10182462681405463 0.06821792874460675 0.02153342192298679 3.767511192120021 0.5091231340702731
NGC2841 13.3 2.240141789909202 0.20364925362810926 0.0025840618782138405 0.0008156755228820031 2.6474402971654203 0.4072985072562185
NGC2841 14.0 2.138317163095147 0.20364925362810926 0.0 0.0 1.8328432826529832 0.30547388044216384
NGC2841 14.7 2.240141789909202 0.10182462681405463 0.0 0.0 1.3237201485827101 0.20364925362810926
NGC2841 15.4 2.240141789909202 0.10182462681405463 0.0 0.0 1.0182462681405462 0.20364925362810926
NGC2841 16.1 2.138317163095147 0.10182462681405463 0.0 0.0 0.0 1.0182462681405462
NGC2841 16.7 2.0364925362810924 0.10182462681405463 0.0 0.0 0.0 1.0182462681405462
NGC2976 0.1 7.685953849394778 0.34414718728633337 1.3696393340837738 0.911291213881871 120.45151555021667 22.713714360898003
NGC2976 0.3 7.800669578490223 0.45886291638177784 1.1327673026568519 0.7536881167146123 95.32877087831433 20.992978424466337
NGC2976 0.4 8.030101036681112 0.45886291638177784 0.9376189480513429 0.623845919188598 74.335792453848 14.224750407835112
NGC2976 0.6 8.374248223967445 0.5735786454772223 0.745339575300019 0.4959126022645375 65.73211277168967 9.406689785826444
NGC2976 0.8 8.603679682158333 0.6882943745726667 0.7949598907366399 0.5289275401114333 66.64983860445322 8.374248223967445
NGC2976 1.0 8.947826869444667 0.8030101036681111 1.227343708323314 0.8166146444358898 79.498000263143 20.419399778989114
NGC2976 1.1 9.062542598540112 1.0324415618590002 1.8062214171224964 1.2017716392834814 104.04716628956812 42.55953549440989
NGC2976 1.3 8.947826869444667 1.1471572909544445 3.1284502479452105 2.0815182165647808 119.53378971745312 57.35786454772223
NGC2976 1.5 8.488963953062889 1.1471572909544445 3.6042432296277624 2.3980876615595954 105.19432358052256 54.60468704943156
NGC2976 1.7 7.685953849394778 1.0324415618590002 2.380191292325465 1.5836632010173144 71.81204641374823 40.49465237069189
NGC2976 1.8 6.653512287535778 0.9177258327635557 1.5593177323430532 1.037493969231693 43.362545598078 26.614049150143114
NGC2976 2.0 5.506354996581334 0.8030101036681111 0.5094557940809675 0.33896703858740146 24.090303110043337 14.798329053312335
NGC2976 2.2 4.359197705626889 0.8030101036681111 0.06467134490831716 0.04302915879989526 12.504014471403446 7.3418066621084455
NGC2976 2.4 3.4414718728633336 0.6882943745726667 0.0 0.0 6.882943745726667 3.6709033310542227
NGC2976 2.5 2.638461769195222 0.5735786454772223 0.0 0.0 3.9003347892451115 1.7207359364316668
NGC2976 2.7 2.0648831237180003 0.45886291638177784 0.0 0.0 2.4090303110043334 0.9177258327635557
NGC2976 2.9 1.6060202073362222 0.34414718728633337 0.0 0.0 1.6060202073362222 0.45886291638177784
NGC2976 3.1 1.261873020049889 0.34414718728633337 0.0 0.0 1.261873020049889 0.22943145819088892
#NGC2976 3.2 0.0 1.1471572909544445 0.0 0.0 0.0 1.1471572909544445
#NGC2976 3.4 0.0 1.1471572909544445 0.0 0.0 0.0 1.1471572909544445
#NGC2976 3.6 0.0 1.1471572909544445 0.0 0.0 0.0 1.1471572909544445
#NGC2976 3.8 0.0 1.1471572909544445 0.0 0.0 0.0 1.1471572909544445
#NGC2976 3.9 0.0 1.1471572909544445 0.0 0.0 0.0 1.1471572909544445
#NGC2976 4.1 0.0 1.1471572909544445 0.0 0.0 0.0 1.1471572909544445
#NGC2976 4.3 0.0 1.1471572909544445 0.0 0.0 0.0 1.1471572909544445
#NGC2976 4.5 0.0 1.1471572909544445 0.0 0.0 0.0 1.1471572909544445
NGC3198 0.3 4.97321960934633 0.7459829414019495 16.50113161543077 4.923825079575899 466.61232984691947 220.31362869404242
NGC3198 1.0 4.1029061777107225 0.37299147070097477 9.788431687134995 2.920801224672404 125.44946464576118 69.00342207968033
NGC3198 1.7 4.4758976484116975 0.37299147070097477 5.912997393994474 1.764398075389624 38.66678246266772 12.557379513599484
NGC3198 2.3 5.097550099579988 0.24866098046731652 4.300845164793247 1.2833428506187274 26.97971638070384 2.11361833397219
NGC3198 3.0 6.092194021449255 0.6216524511682913 4.281811918700597 1.2776634598568786 27.850029812339447 1.7406268632712154
NGC3198 3.7 7.3354989237858375 0.6216524511682913 5.032683107795406 1.5017182991588485 34.43954579472334 4.351567158178039
NGC3198 4.3 7.7084903944868115 0.49732196093463304 5.487792011086227 1.6375196904928893 36.67749461892919 6.092194021449255
NGC3198 5.0 7.83282088472047 0.37299147070097477 5.070543335211472 1.5130155326828418 31.95293599005017 5.470541570280964
NGC3198 5.7 8.081481865187786 0.37299147070097477 4.405639324744353 1.3146127128915563 25.239089517432625 3.2325927460751145
NGC3198 6.4 8.205812355421445 0.49732196093463304 3.105305695533084 0.9266020306823987 18.40091255458142 2.11361833397219
NGC3198 7.0 8.205812355421445 0.49732196093463304 2.28153464342917 0.6807943696862961 15.292650298739966 2.11361833397219
NGC3198 7.7 8.330142845655104 0.6216524511682913 1.338084393166674 0.39927525258340724 12.68171000383314 2.11361833397219
NGC3198 8.4 8.45447333588876 0.6216524511682913 0.667793561764807 0.19926504218183805 10.568091669860951 1.8649573535048738
NGC3198 9.0 8.703134316356078 0.6216524511682913 0.3563880987332011 0.1063437768694567 10.443761179627293 2.11361833397219
NGC3198 9.7 8.578803826122419 0.6216524511682913 0.0 0.0 13.55202343546875 5.470541570280964
NGC3198 10.4 7.957151374954129 0.49732196093463304 0.0 0.0 11.065413630795584 3.9785756874770644
NGC3198 11.0 7.459829414019495 0.37299147070097477 0.0 0.0 6.838176962851204 1.1189744121029244
NGC3198 11.7 7.83282088472047 0.49732196093463304 0.0 0.0 6.092194021449255 0.8703134316356077
NGC3198 12.4 7.957151374954129 0.49732196093463304 0.0 0.0 5.470541570280964 0.9946439218692661
NGC3198 13.0 7.3354989237858375 0.37299147070097477 0.0 0.0 3.7299147070097476 0.7459829414019495
NGC3198 13.7 6.34085500191657 0.37299147070097477 0.0 0.0 2.362279314439507 0.6216524511682913
NGC3198 14.4 5.719202550748279 0.49732196093463304 0.0 0.0 1.7406268632712154 0.37299147070097477
NGC3198 15.1 5.2218805898136464 0.49732196093463304 0.0 0.0 1.367635392570241 0.24866098046731652
NGC4736 0.1 5.9 0.5 8.607618921093907 2.496209487117233 907.9 76.8
NGC4736 0.3 6.8 0.8 6.921846592461766 2.007335511813912 785.3 90.3
NGC4736 0.6 8.4 0.8 4.819073234156286 1.3975312379053229 652.2 72.4
NGC4736 0.8 9.9 0.7 5.611396867347428 1.6273050915307539 565.7 66.8
NGC4736 1.0 10.5 0.6 7.1733514088674255 2.0802719085715533 480.7 62.3
NGC4736 1.3 9.7 0.7 5.629561440002118 1.6325728176006142 356.1 49.2
NGC4736 1.5 8.2 0.7 3.157488913835541 0.9156717850123068 216.9 32.9
NGC4736 1.7 6.7 0.6 1.755343675696 0.50904966595184 112.2 18.8
NGC4736 1.9 5.6 0.5 1.1521433920622932 0.334121583698065 56.0 9.3
NGC4736 2.2 4.8 0.5 0.4211128432930794 0.12212272455499303 32.0 4.3
NGC4736 2.4 4.3 0.5 0.30189577494457487 0.08754977473392671 22.9 2.5
NGC4736 2.6 4.0 0.5 0.4289748502784973 0.1244027065807642 19.4 2.7
NGC4736 2.8 3.8 0.6 0.41479512359610093 0.12029058584286927 17.2 3.2
NGC4736 3.1 3.4 0.7 0.2509412553702165 0.07277296405736278 14.6 3.3
NGC4736 3.3 3.1 0.7 0.21665400305254934 0.06282966088523931 11.9 2.8
NGC4736 3.5 2.6 0.6 0.17214885504442146 0.049923167962882216 9.1 2.1
NGC4736 3.8 2.3 0.5 0.06551047743855434 0.018998038457180757 6.9 1.5
NGC4736 4.0 1.9 0.4 0.005196980758224731 0.0015071244198851719 5.2 1.1
NGC4736 4.2 1.6 0.3 0.0 0.0 3.9 0.8
NGC4736 4.4 1.3 0.2 0.0 0.0 3.0 0.6
NGC4736 4.7 1.2 0.2 0.0 0.0 2.3 0.4
NGC4736 4.9 1.1 0.2 9.805432165441386e-05 2.843575327978002e-05 1.9 0.3
NGC4736 5.1 1.1 0.2 0.05175807899094281 0.015009842907373415 1.6 0.3
NGC4736 5.4 1.1 0.3 0.05960927908414101 0.01728669093440089 1.5 0.3
NGC4736 5.6 1.2 0.3 0.01571796959236469 0.00455821118178576 1.4 0.3
NGC4736 5.8 1.3 0.3 0.000537081820961567 0.0001557537280788544 1.5 0.3
NGC4736 6.0 1.5 0.4 0.0 0.0 1.5 0.3
NGC4736 6.3 1.7 0.4 0.0 0.0 1.6 0.4
NGC5055 0.2 4.8583943635407785 0.6072992954425973 17.616849595316364 4.585157291637357 216.71909143080117 24.638999986528233
NGC5055 0.7 5.031908447952949 0.43378521103042667 16.430645627328214 4.276422648490035 231.81481677466 18.132221821071834
NGC5055 1.2 5.118665490159035 0.34702816882434134 11.294991452817223 2.9397601505683104 207.08905974592568 11.451929571203264
NGC5055 1.7 5.118665490159035 0.17351408441217067 8.855546470194598 2.304843056617868 167.18082033112643 7.5478626719294235
NGC5055 2.2 5.378936616777291 0.26027112661825597 8.211193971879997 2.137136705942239 140.98019358488867 5.118665490159035
NGC5055 2.7 5.725964785601632 0.34702816882434134 8.096908597533579 2.1073915228051074 117.29552106262736 5.031908447952949
NGC5055 3.2 5.5524507011894615 0.34702816882434134 7.644428800328047 1.9896240962144236 90.57435206315309 5.118665490159035
NGC5055 3.7 5.378936616777291 0.43378521103042667 6.956078825063137 1.810466472644577 70.53347531354737 4.684880279128608
NGC5055 4.2 5.639207743395547 0.43378521103042667 6.681209322843568 1.7389258776288905 61.423985881908415 4.511366194716437
NGC5055 4.7 6.2465070388381445 0.5205422532365119 6.7961637395389545 1.768845193171943 58.30073236248935 5.031908447952949
NGC5055 5.1 7.114077460898996 0.6072992954425973 7.706157576548352 2.0056903143460487 61.337228839702334 6.333264081044229
NGC5055 5.6 7.5478626719294235 0.43378521103042667 8.029277579776346 2.089789121619093 63.67966897926664 8.068404925165936
NGC5055 6.1 7.5478626719294235 0.43378521103042667 7.576076972325327 1.9718340889337387 54.65693658983376 5.5524507011894615
NGC5055 6.6 7.374348587517253 0.5205422532365119 6.592973847503955 1.715960731054552 44.59311969392786 3.990823941479925
NGC5055 7.1 7.374348587517253 0.43378521103042667 5.17922709060924 1.348003269884659 40.25526758362359 4.598123236922523
NGC5055 7.6 7.461105629723338 0.43378521103042667 4.250705228268402 1.106335838683528 37.565799275234944 5.5524507011894615
NGC5055 8.1 7.374348587517253 0.43378521103042667 3.111615310624053 0.8098636224987368 33.40146124934285 5.5524507011894615
NGC5055 8.6 6.853806334280741 0.34702816882434134 2.265039152322262 0.5895242920093746 25.68008449300126 3.1232535194190723
NGC5055 9.1 6.5067781654564 0.34702816882434134 1.6852665039919195 0.4386262116459864 19.69384858078137 1.8218978863277921
NGC5055 9.5 6.420021123250315 0.43378521103042667 1.306997227786907 0.34017364096303565 17.438165483423152 3.1232535194190723
NGC5055 10.0 6.2465070388381445 0.6072992954425973 0.7980105377781102 0.20769910172074904 14.575183090622337 3.2100105616251575
NGC5055 10.5 6.333264081044229 0.6940563376486827 0.6112593492271752 0.15909315947929886 10.931387317966752 2.2556830973582187
NGC5055 11.0 6.5067781654564 0.7808133798547681 0.4140059868425654 0.10775380462221736 8.849218305020703 1.7351408441217067
NGC5055 11.5 6.333264081044229 0.6072992954425973 0.25224365386197595 0.06565173997296188 7.461105629723338 1.2145985908851946
NGC5055 12.0 5.812721827807717 0.43378521103042667 0.15089217023786283 0.03927287514568223 5.812721827807717 0.6940563376486827
NGC5055 12.5 5.5524507011894615 0.43378521103042667 0.0807525182914414 0.021017548912974773 4.598123236922523 0.43378521103042667
NGC5055 13.0 5.378936616777291 0.43378521103042667 0.0 0.0 3.817309857067755 0.34702816882434134
NGC5055 13.5 4.945151405746864 0.43378521103042667 0.0 0.0 3.2100105616251575 0.34702816882434134
NGC5055 14.0 4.424609152510351 0.34702816882434134 0.0 0.0 2.7762253505947307 0.26027112661825597
NGC5055 14.4 3.90406689927384 0.34702816882434134 0.0 0.0 2.4291971817703892 0.26027112661825597
NGC5055 14.9 3.6437957726555843 0.43378521103042667 0.0 0.0 2.1689260551521334 0.26027112661825597
NGC5055 15.4 3.383524646037328 0.5205422532365119 0.0 0.0 1.9086549285338774 0.26027112661825597
NGC5055 15.9 3.2100105616251575 0.43378521103042667 0.0 0.0 1.7351408441217067 0.26027112661825597
NGC5055 16.4 2.7762253505947307 0.34702816882434134 0.0 0.0 1.3881126752973654 0.17351408441217067
NGC5055 16.9 2.4291971817703892 0.34702816882434134 0.0 0.0 1.0410845064730239 0.08675704220608534
NGC5055 17.4 2.2556830973582187 0.34702816882434134 0.0 0.0 0.8675704220608533 0.17351408441217067
NGC5055 17.9 2.1689260551521334 0.26027112661825597 0.0 0.0 0.9543274642669387 0.34702816882434134
NGC5055 18.4 2.0821690129460477 0.26027112661825597 0.0 0.0 1.2145985908851946 0.7808133798547681
NGC5055 18.9 1.8218978863277921 0.17351408441217067 0.0 0.0 1.0410845064730239 0.6940563376486827
NGC5055 19.3 1.4748697175034506 0.17351408441217067 0.0 0.0 0.0 0.8675704220608533
NGC5055 19.8 1.2145985908851946 0.17351408441217067 0.0 0.0 0.0 0.8675704220608533
NGC5055 20.3 1.1278415486791094 0.17351408441217067 0.0 0.0 0.0 0.8675704220608533
NGC5055 20.8 1.0410845064730239 0.17351408441217067 0.0 0.0 0.0 0.8675704220608533
NGC6946 0.1 6.1 1.1 69.14806573342794 24.20182300669978 2286.0 553.4
NGC6946 0.4 6.4 1.1 37.66124972194051 13.181437402679176 1549.6 487.4
NGC6946 0.7 6.4 1.0 17.831915369221626 6.241170379227569 771.9 265.0
NGC6946 1.0 5.9 0.7 10.098522783374843 3.534482974181195 373.6 113.4
NGC6946 1.3 5.5 0.6 7.865086822862575 2.7527803880019013 227.6 48.6
NGC6946 1.6 5.5 0.5 6.922899786668325 2.4230149253339137 186.1 27.0
NGC6946 1.9 5.8 0.4 7.4065363491959975 2.592287722218599 184.5 21.2
NGC6946 2.1 6.4 0.4 7.786286107241537 2.7252001375345376 197.2 21.3
NGC6946 2.4 6.9 0.4 8.070493174207911 2.824672610972769 205.9 25.9
NGC6946 2.7 7.4 0.4 8.211513038043257 2.87402956331514 202.3 31.2
NGC6946 3.0 7.8 0.4 7.796730564476395 2.728855697566738 198.2 34.7
NGC6946 3.3 8.2 0.5 7.224721111496082 2.5286523890236285 201.7 33.8
NGC6946 3.6 8.7 0.6 6.756473596403726 2.364765758741304 210.5 31.9
NGC6946 3.9 9.3 0.8 6.633704788791137 2.321796676076898 221.8 42.6
NGC6946 4.1 9.5 1.0 6.294092887401721 2.2029325105906024 230.3 60.7
NGC6946 4.4 9.5 1.1 4.9936007922714385 1.7477602772950034 230.6 65.8
NGC6946 4.7 9.6 1.1 4.765019768189799 1.6677569188664296 210.8 57.1
NGC6946 5.0 9.6 1.1 4.675330150115448 1.6363655525404066 175.0 42.8
NGC6946 5.3 9.5 1.1 3.888393673967981 1.3609377858887934 138.6 31.8
NGC6946 5.6 9.3 0.9 3.447338127556303 1.206568344644706 110.0 25.6
NGC6946 5.9 9.3 0.8 2.942003842259959 1.0297013447909855 92.0 23.9
NGC6946 6.1 9.3 0.8 2.922264387025859 1.0227925354590506 79.9 22.7
NGC6946 6.4 9.1 0.8 2.527729867265866 0.8847054535430531 73.2 22.9
NGC6946 6.7 8.8 0.8 2.0644033062394884 0.722541157183821 74.0 27.8
NGC6946 7.0 8.4 0.8 1.5804207325583044 0.5531472563954065 80.4 35.7
NGC6946 7.3 8.1 0.9 1.3515605990624884 0.4730462096718709 77.7 36.6
NGC6946 7.6 8.0 1.0 1.0291486296670567 0.3602020203834698 64.9 28.7
NGC6946 7.9 8.0 1.1 0.595777867460408 0.20852225361114277 45.4 17.9
NGC6946 8.2 7.9 1.0 0.41291588101067184 0.14452055835373515 31.3 9.9
NGC6946 8.4 7.4 0.9 0.26129369818582693 0.09145279436503942 23.1 6.3
NGC6946 8.7 6.9 0.8 0.1158935531711103 0.0405627436098886 18.8 5.9
NGC6946 9.0 6.3 0.7 0.05800290327909812 0.020301016147684342 15.7 5.5
NGC6946 9.3 5.8 0.6 0.0140797756 0.00492792146 12.9 4.8
NGC6946 9.6 5.3 0.6 0.0 0.0 10.4 3.7
NGC6946 9.9 4.8 0.5 0.0 0.0 7.9 2.4
NGC6946 10.2 4.5 0.5 0.0 0.0 5.6 1.5
NGC6946 10.4 4.1 0.5 0.0 0.0 3.8 1.3
NGC6946 10.7 3.9 0.5 0.0 0.0 2.7 1.3
NGC6946 11.0 3.7 0.4 0.0 0.0 2.3 1.3
NGC6946 11.3 3.6 0.4 0.0 0.0 2.0 1.4
NGC6946 11.6 3.6 0.4 0.0 0.0 1.5 1.4
NGC7331 0.4 3.8849661322674742 1.4029044366521435 38.47020159644141 8.30307946131539 79.74972143737955 23.525628245397485
NGC7331 1.1 3.3453875027858806 0.755410081274231 39.96463141529052 8.6256244187198 99.28246782461324 13.381550011143522
NGC7331 1.8 3.561218954578518 0.6474943553779123 42.755970143671924 9.228083108911374 129.71470252737512 21.259398001574787
NGC7331 2.5 4.856207665334343 0.8633258071705499 49.47644722256345 10.678573433587674 175.7947174851032 21.79897663105638
NGC7331 3.2 6.043280650193848 0.8633258071705499 49.57850681280895 10.700601103119723 190.1475090293136 16.07944315855149
NGC7331 3.9 6.367027827882805 0.5395786294815936 42.163047685672545 9.100111794000908 157.01738117914374 18.66942058006314
NGC7331 4.6 7.014522183260717 0.4316629035852749 36.072803756188264 7.785645604929019 124.21100050666284 18.34567340237418
NGC7331 5.3 7.014522183260717 0.32374717768895617 30.100611147838844 6.496658603883705 90.10963112342614 15.324033077277258
NGC7331 6.1 7.122437909157036 0.5395786294815936 21.26290926157003 4.589204575259776 59.78531214656057 11.11531976732083
NGC7331 6.8 7.877847990431267 0.6474943553779123 15.318742580356089 3.306266450755948 40.360481485223204 6.79869073146808
NGC7331 7.5 8.741173797601816 0.755410081274231 12.536383059913632 2.705745756049786 31.619307687621387 3.992881858163793
NGC7331 8.2 9.17283670118709 0.5395786294815936 9.356175980393731 2.019357045075782 27.410594377664953 3.129556050993243
NGC7331 8.9 8.849089523498135 0.6474943553779123 6.910820070698692 1.4915723289365963 22.66230243822693 2.4820616956153305
NGC7331 9.6 8.957005249394456 0.755410081274231 5.217064483011614 1.1260066014642023 17.91401049878891 1.7266516143410997
NGC7331 10.3 9.496583878876049 0.755410081274231 4.331383786155908 0.9348488508371204 14.892370173691985 1.187072984859506
NGC7331 11.0 9.28075242708341 0.6474943553779123 3.5605235240143447 0.7684729613298537 12.62613992986929 1.0791572589631873
NGC7331 11.8 8.741173797601816 0.6474943553779123 2.411716111655137 0.5205241896902227 10.14407823425396 1.0791572589631873
NGC7331 12.5 7.985763716327586 0.6474943553779123 1.6715113326285735 0.3607647176090712 7.877847990431267 0.755410081274231
NGC7331 13.2 7.4461850868459925 0.5395786294815936 1.2347240876679217 0.26649229240470734 6.474943553779124 0.6474943553779123
NGC7331 13.9 7.7699322645349485 0.5395786294815936 0.9287927901618015 0.2004626963151561 6.151196376090168 0.5395786294815936
NGC7331 14.6 7.662016538638629 0.4316629035852749 0.8232271795903419 0.17767831732614178 6.259112101986486 0.6474943553779123
NGC7331 15.3 7.662016538638629 0.4316629035852749 0.7074224593530758 0.15268401643289242 6.367027827882805 0.8633258071705499
NGC7331 16.0 7.7699322645349485 0.5395786294815936 0.6940211401639788 0.14979159025637306 5.93536492429753 0.8633258071705499
NGC7331 16.7 7.877847990431267 0.6474943553779123 0.6088739970794713 0.1314141587484484 5.611617746608574 0.8633258071705499
NGC7331 17.5 7.4461850868459925 0.6474943553779123 0.23990302299086674 0.051778617741561256 5.179954843023299 0.755410081274231
NGC7331 18.2 7.014522183260717 0.6474943553779123 0.209896008964712 0.04530216034033424 4.748291939438024 0.6474943553779123
NGC7331 18.9 6.906606457364399 0.755410081274231 0.17011906155423784 0.03671704403285221 4.20871330995643 0.5395786294815936
NGC7331 19.6 6.582859279675442 0.755410081274231 0.11875750312307368 0.02563160431032167 3.6691346804748366 0.5395786294815936
NGC7331 20.3 5.93536492429753 0.755410081274231 0.06238648529475298 0.013464965693406564 2.805808873304287 0.4316629035852749
NGC7331 21.0 4.856207665334343 0.6474943553779123 0.025975829037400186 0.005606400892659431 2.0503987920300557 0.32374717768895617
NGC7331 21.7 3.8849661322674742 0.5395786294815936 0.0 0.0 1.4029044366521435 0.21583145179263746
NGC7331 22.4 3.3453875027858806 0.4316629035852749 0.0 0.0 1.0791572589631873 0.10791572589631873
NGC7331 23.2 2.913724599200606 0.32374717768895617 0.00722811932606807 0.0015600554878756917 0.0 1.0791572589631873
NGC7793 0.1 10.061033253626233 0.4573196933466469 0.0 0.0 171.95220469833924 26.63887213744218
NGC7793 0.3 9.94670333028957 0.4573196933466469 0.0 0.0 133.30869061054756 20.350726353925786
NGC7793 0.5 9.832373406952907 0.6859795400199703 0.0 0.0 100.72466245959897 10.861342716982863
NGC7793 0.7 9.718043483616245 0.6859795400199703 0.0 0.0 84.94713303913966 10.747012793646203
NGC7793 0.9 10.061033253626233 0.800309463356632 0.0 0.0 79.23063687230658 11.775982103676158
NGC7793 1.0 10.63268287030954 0.5716496166833086 0.0 0.0 77.51568802225664 10.404023023636217
NGC7793 1.2 11.204332486992849 0.800309463356632 0.0 0.0 75.91506909554339 8.346084403576306
NGC7793 1.4 12.118971873686142 0.9146393866932938 0.0 0.0 72.82816116545352 5.830826090169747
NGC7793 1.6 12.804951413706112 1.0289693100299555 0.0 0.0 68.94094377200702 5.0305166268131165
NGC7793 1.8 12.919281337042776 1.1432992333666172 0.0 0.0 66.65434530527378 4.344537086793145
NGC7793 2.0 12.919281337042776 1.2576291567032791 0.0 0.0 64.13908699186723 4.573196933466469
NGC7793 2.2 12.804951413706112 1.1432992333666172 0.0 0.0 58.42259082503414 6.173815860179733
NGC7793 2.4 12.347631720359466 1.0289693100299555 0.0 0.0 50.87681588481446 6.745465476863042
NGC7793 2.6 12.00464195034948 0.9146393866932938 0.0 0.0 43.67403071460478 6.059485936843071
NGC7793 2.7 12.233301797022804 1.0289693100299555 0.0 0.0 37.27155500775172 5.0305166268131165
NGC7793 2.9 12.919281337042776 1.1432992333666172 0.0 0.0 32.46969822761193 4.916186703476454
NGC7793 3.1 13.033611260379436 1.0289693100299555 0.0 0.0 28.696810757502092 5.0305166268131165
NGC7793 3.3 12.461961643696128 0.9146393866932938 0.0 0.0 24.46660359404561 4.916186703476454
NGC7793 3.5 11.432992333666173 1.0289693100299555 0.0 0.0 20.0077365839158 4.344537086793145
NGC7793 3.7 10.63268287030954 1.0289693100299555 0.0 0.0 16.00618926713264 3.31556777676319
NGC7793 3.9 10.175363176962893 1.0289693100299555 0.0 0.0 12.69062149036945 2.4009283900698963
NGC7793 4.1 9.603713560279585 0.9146393866932938 0.0 0.0 10.175363176962893 1.8292787733865876
NGC7793 4.3 9.146393866932938 0.800309463356632 0.0 0.0 8.68907417358629 1.2576291567032791
NGC7793 4.4 8.68907417358629 0.6859795400199703 0.0 0.0 8.00309463356632 1.2576291567032791
NGC7793 4.6 8.117424556902982 0.800309463356632 0.0 0.0 7.545774940219673 1.4862890033766025
NGC7793 4.8 7.4314450168830115 0.800309463356632 0.0 0.0 6.745465476863042 1.3719590800399406
NGC7793 5.0 6.745465476863042 0.800309463356632 0.0 0.0 5.373506396823101 0.9146393866932938
NGC7793 5.2 6.402475706853056 0.6859795400199703 0.0 0.0 4.115877240119822 0.800309463356632
NGC7793 5.4 6.288145783516395 0.6859795400199703 0.0 0.0 3.5442276234365133 0.9146393866932938
NGC7793 5.6 6.059485936843071 0.5716496166833086 0.0 0.0 3.31556777676319 1.1432992333666172
NGC7793 5.8 5.716496166833086 0.5716496166833086 0.0 0.0 3.0869079300898665 1.2576291567032791
NGC7793 6.0 5.259176473486439 0.5716496166833086 0.0 0.0 2.2865984667332344 0.9146393866932938
NGC7793 6.1 4.801856780139793 0.5716496166833086 0.0 0.0 1.600618926713264 0.5716496166833086
NGC7793 6.3 4.230207163456484 0.5716496166833086 0.0 0.0 0.0 1.1432992333666172
NGC7793 6.5 3.6585575467731752 0.4573196933466469 0.0 0.0 0.0 1.1432992333666172
NGC7793 6.7 3.201237853426528 0.34298977000998515 0.0 0.0 0.0 1.1432992333666172
NGC7793 6.9 2.858248083416543 0.34298977000998515 0.0 0.0 0.0 1.1432992333666172
NGC7793 7.1 2.5152583134065583 0.22865984667332345 0.0 0.0 0.0 1.1432992333666172
