Name,vrot_b[km/s],vrot_err_b[km/s],Rv_b[kpc],Rv_err_b[kpc]
UGC04483,25.17356475717616,1.4339577053945296,0.3608216906284659,0.06303843189906971
F583-1,90.25006900398368,3.9748502350529815,3.686177948922629,0.32715547486900665
NGC4051,159.83392137305094,4.4651937202772265,2.1993460582455278,0.32942050647146426
UGC05764,56.68478039913811,0.6360125486568031,0.7837193442404939,0.03375859471924639
NGC6674,244.7655903641248,0.6680442461535856,0.8328890063847606,1.7064734271835786
NGC1090,164.79484825245476,0.6749432359368416,2.352228520639966,0.10583422288032347
NGC3769,121.18728406614846,2.0578683313273536,1.4665236324922573,0.25170658954630853
UGC02885,285.84209115813064,2.2941573389164844,0.018687948134796767,0.0
UGC07232,nan,nan,nan,nan
DDO154,51.52748453478597,0.41236206321233043,1.7581192433141488,0.0431403652936866
NGC6195,244.9185502231728,1.3193602250625864,0.7552631511560276,0.07302332207470254
F574-1,99.74981060157847,2.153697799817939,2.5338431126601706,0.21113028343594054
UGC07577,35.2715401585375,40.4740847496004,2.512773624319123,3.749214472671042
NGC7793,100.31548017548658,1.723070156581137,0.8630027024638245,0.04694844620880775
UGC06786,223.65291987534698,0.45200667486438195,1.0316931079262217,0.04358716716164562
IC2574,80.63602932374351,2.1635739082452052,6.60995650244958,0.2791876002468695
UGC05721,79.94641639648727,1.3047015866983989,0.5293315488881568,0.045466623390931396
NGC2841,290.4910016159778,0.7499938878229351,0.020881093825090347,0.0
NGC4138,175.22983775925255,4.252105066943629,0.017292328075739632,0.0
UGC06973,172.9174198782478,1.8934644490919548,0.41863832796850275,0.1909327562994636
UGC06983,108.75720299192426,1.8218180112015872,2.0039813228037278,0.1864505518681542
UGC09133,243.45894383024745,0.29620596229984736,0.0011243612365321037,0.0
NGC5985,291.82521501844985,0.9576865829567968,2.5385181405111976,0.08723316415121189
UGC00891,70.0978417667443,1.7814279562981654,3.0388167999785156,0.2166754074665487
UGC07323,100.24814968728565,7.242145947948126,3.052203136655791,0.44080739271523545
UGC04499,75.60885491893151,1.9456548396956603,2.0353932899057905,0.18995382437618466
UGCA442,58.20122911995596,0.8377397505949351,1.6843105553776374,0.10947644056968779
UGC03205,217.4770216094638,0.5361654024811499,0.8338632590919446,0.061572734404937476
UGC07524,82.61111858209311,1.394855105146746,2.8740603134267855,0.14764457207590045
NGC2915,83.24802733275409,1.6350554988548796,1.1990608761001766,0.178645179085567
NGC2903,199.29203751635643,0.3699205055034561,0.8002993882021,0.03830915356015224
NGC0024,107.54723868319809,1.47190892951815,0.8450065889865963,0.0509060590737321
UGC07603,64.45611385635011,1.5806834150714009,0.9096070673932385,0.0802717125207248
NGC2366,56.68950518565785,1.235666612252826,1.7123645759298816,0.09765495323846776
NGC3953,224.06188074932405,3.1111107531372313,2.130891997672504,0.21327999731824818
UGC00191,81.63283671176768,0.5264556680072732,1.4271807029953127,0.04912791473201869
UGC00128,130.28851479606993,0.30226549154063515,5.593782392552865,0.101285885518239
UGC06818,105.44779580584016,21.308832071036285,5.381276424197439,1.7202659498905162
UGCA281,31.967172720077997,2.165175578465043,0.37549541521146323,0.06048617882378293
NGC3992,256.22980653430693,2.2322904073280116,2.344691129213467,0.8645761443847718
NGC2998,212.0888071056608,0.9696284413310046,1.253668557979981,0.15392659305928316
UGC07559,38.00569981749198,6.5103290758662595,1.2763502579622192,0.4529981581562189
UGC04305,34.64081344815613,1.0149402007772728,0.843171463574744,0.13427947302193904
NGC3109,81.36345697719472,2.9102668955639817,3.513610227761077,0.22038327674047709
D512-2,nan,nan,nan,nan
UGC02455,91.19973736896269,23.844878574833068,4.086226442978235,1.5652781769707595
UGC02259,85.92911385869375,0.9128559321586913,1.0857973714745037,0.08580140715232205
ESO116-G012,112.75115443373296,1.279252719670885,2.1118095371101933,0.09541027258314468
PGC51017,19.00087863265953,0.8111764336378245,0.0011568296689168957,0.0
NGC2403,127.09096161779715,0.11359066618462153,1.2814487891356638,0.00911360849288411
NGC5055,197.10592643536054,0.19845749422133896,0.8146180366623252,0.04992991839445469
NGC3949,163.18514957758447,5.469918330068424,1.2346362761903837,0.16373608955603722
NGC2955,256.97314211021757,1.612984142163338,0.7993251377706116,0.032090861966583305
NGC0289,173.8014993749933,1.1967053534219227,0.4609185707387506,0.5878933976680365
NGC4100,184.17464879933777,1.3169514986591722,1.7018043659656177,0.15677546351134997
UGC05750,86.53039669641309,10.297941419755258,5.640442939722591,1.2289789062322387
UGC04325,93.9967734952801,1.778455607099718,1.0767885547006442,0.0822355221903717
NGC5585,88.89360049302998,0.6665232508044105,1.7629893544614614,0.03702710091240649
NGC0055,92.48266920100957,1.8377084701443125,3.6929804806482287,0.17265048990978737
NGC4088,174.28224595014265,2.4133328074351623,2.0887153932690885,0.24438170056632788
F568-V1,117.02682558750479,5.799717997705448,2.121688532723352,0.3575870114788528
UGC06399,92.18424795332761,4.616713085789079,2.462022323417957,0.35963174362191325
F583-4,65.46443103191758,2.507075756534338,1.6828343531355971,0.28775044140055644
UGC07866,33.41584142100599,4.572951755987198,0.7954804630368689,0.2937291650275346
NGC4389,154.04563877716492,35.1965314533912,4.457132591908883,1.605141489135538
NGC4559,121.39199861229775,1.0485149475462687,2.2789551308142424,0.14790231467637469
UGC11820,84.63571013811526,0.9528750689211528,4.283347035199694,0.1909855546359041
NGC6503,116.28951747602315,0.2630548498270214,0.6985704509341328,0.06573359725160842
UGC08699,186.74529303575162,0.6715172160352653,0.14287433579520453,0.0778165770707914
UGC07399,98.79685788017773,1.7057760117739234,0.9905715870064319,0.06748148991174535
NGC3972,136.97402196874222,3.918450005372241,2.5370202349711004,0.22877618697312452
NGC3917,143.41589259918817,2.0188853746927906,3.3045446136789285,0.16266396353314477
F565-V2,94.41926413106565,12.323834629984527,4.14308300047479,1.2868916945484892
NGC0300,95.58040389142421,1.204682605199762,2.292555437456852,0.10283928906557804
DDO161,68.92731869135828,0.619076975376572,3.6593135470571387,0.1338412974607347
KK98-251,50.9936407848861,6.376840520018874,2.4083090179119506,0.46700572398854484
NGC3741,49.53197512450805,1.2310813651540762,1.6809491765648383,0.1147181722024563
F563-V1,30.20759383012516,4.284746059320832,2.0371847835537444,0.9614021312405384
NGC4068,85.8377164358961,49.34614002046108,3.472041489330057,2.567283798501706
DDO170,62.23968346677112,0.8177483432406029,2.8028618626227786,0.15538699914534712
UGC06923,86.03064413817575,5.842776717453016,1.649870605586867,0.36791765673056065
NGC3893,187.0586191861101,2.719670395055436,1.1648749942250998,0.12876850718437485
ESO079-G014,189.34162023065005,2.419697249273194,5.38799016109634,0.2485351548887921
NGC6015,156.21479526835336,0.5767249637841725,1.3374192670642895,0.025229087258364948
UGC05414,69.37928709550725,4.745176047191848,1.9526549990419824,0.2898115961607222
UGC09037,157.18348173238155,2.157375446997184,4.544097843090612,0.21920852779949898
UGC05005,102.15754921614256,6.5630581161260535,6.494958477118787,1.1239191916015903
UGC05918,44.435736436996145,3.1226024804922923,1.2016270392749673,0.2682176898395489
UGC02916,212.56195294382277,0.4010918808163359,0.2041430027940024,0.1387133227123006
UGC08490,78.80885036784272,0.7623368578966712,0.6365698406221947,0.04739827371447394
NGC6789,nan,nan,nan,nan
NGC5033,213.17395218736033,0.6230590065910537,0.2240107057327846,0.14751797895225544
NGC5371,224.6592529780585,0.8146143206853687,0.4781688292014486,0.14480703351028118
UGC06917,108.15985309110178,2.36891239844568,2.299715514042366,0.18401329296885155
UGC03580,115.16084119421932,0.3918185052683812,1.6880186620005146,0.02862942854187535
NGC3198,151.74589738222681,0.47615257429566693,2.460895620279253,0.048658575947744954
DDO168,66.93075880366582,3.172104596517773,1.9432728671989046,0.1730856174680799
UGC12632,73.07437778868787,1.4468507225057126,2.2563990039440833,0.18292811527879113
NGC3726,161.17479679638456,2.3553497390720715,3.012243215526105,0.2622882967576885
NGC1003,105.69000104639174,0.5005480094689823,3.155646592882624,0.11604696846742053
UGC07690,58.55364072943302,1.9239910052668625,0.36359297163702653,0.08823735057770937
UGC05716,73.51337030276919,0.5042760965379983,2.3903657729550756,0.056241634466616404
D564-8,27.972843639122026,2.989127753747987,1.3180995988030497,0.30160641925109494
UGC03546,201.2236487017548,0.34298760997911726,0.0010013049858363099,0.0
NGC2976,165.0458250231412,19.83232298745723,2.6180764113561925,0.405102970434844
NGC7331,240.03144449641525,0.661448937471598,0.4555177950010571,1.8845867285306364
UGC00731,72.83052721322383,1.3644087856428244,2.099516838436031,0.15020001763816448
UGC02953,293.00536947143524,0.19573624099107706,0.42463252580817673,0.009009067119133726
NGC5005,251.7261780470236,4.744713031131274,0.4515895851594227,0.10299465490495459
DDO064,64.86836975042165,12.555119208355901,1.717022373154858,0.5650960391148896
UGC06787,240.7297943833566,0.28786577943217767,0.09019644319389118,0.03479092198843541
UGCA444,37.673631302281045,2.5246519116964103,0.935906130652901,0.1373667358746291
CamB,84.37906173455124,109.27751429220696,6.540301727724717,9.383565102250977
D631-7,66.07864785126318,3.046410543595105,2.9778984810970304,0.27481334699751075
NGC3877,174.74922813776033,2.880626956458943,2.3129743821516753,0.1804220950943682
F568-3,120.16799424042708,6.350746368931461,5.026246685961244,0.4667810448120637
NGC0247,92.30888777739887,1.0848099701806264,2.4871122475350784,0.06837989789265858
NGC3521,213.10091147243446,1.9100488962691848,0.5150383698130299,0.036641806514480985
UGC06446,81.43003075110128,1.6598513053009796,1.4041544062239315,0.13785668062834003
