Name,vrot_t[km/s],vrot_err_t[km/s],Rv_t[kpc],Rv_err_t[kpc]
UGC04483,24.21353752269377,1.0777369582899388,0.46513575610669095,0.06164681350296564
F583-1,84.80413100376501,3.202996932434028,4.406760224461326,0.3142452499148663
NGC4051,158.07590800684903,3.804615191625178,3.1856729833914947,0.3790087734187106
UGC05764,55.2402772876325,0.4850779661879932,1.0933995567924295,0.036061021149755776
NGC6674,244.76618740568966,0.6680294649974738,1.5639906608568979,1.983632349438886
NGC1090,164.63362820036434,0.6674256732375111,3.3163854322341626,0.131642255230997
NGC3769,120.76468045538697,1.9608935922779693,2.1291857107257686,0.3181527307550061
UGC02885,285.84205584284507,2.2941573387056176,0.0038655110719289787,0.0
UGC07232,nan,nan,nan,nan
DDO154,49.12078902921302,0.27480124663373934,2.28989822701971,0.040333261351261446
NGC6195,244.77492868446157,1.2889614335692143,1.2234747446250402,0.09988548977308125
F574-1,97.25222382556582,1.7731001666091868,3.2793930954425803,0.22437195243581928
UGC07577,24.85455438544813,17.331979235829955,1.9749725174657824,1.8070204325609338
NGC7793,96.95917078169855,1.4916464813015484,1.0727217792404709,0.05051812540324669
UGC06786,222.88543619389253,0.4300203434258058,1.1757908437912643,0.0524628598773937
IC2574,64.46163297907343,1.0906790922572103,6.122060353807139,0.17355453159513104
UGC05721,79.47009899908616,1.2411564348299209,0.7488332613057691,0.05563477236772802
NGC2841,290.4905737925176,0.7499938878125438,0.2566332345531128,0.0
NGC4138,175.22922261960338,4.252105068266367,0.011847515506498152,0.0
UGC06973,172.90201615337185,1.866899805075304,0.7202364650599188,0.28109409150390713
UGC06983,107.18807170346872,1.5726307054538822,2.742728747981901,0.21356665315483556
UGC09133,243.45893524954096,0.2962059622901682,0.0010012417817855598,0.0
NGC5985,291.4507882268646,0.9361668015943055,3.8662790444073187,0.11085258078897361
UGC00891,65.95974146841189,1.1042729460140925,3.825426125803417,0.1879856349390113
UGC07323,89.91225950254042,4.300641646148001,3.4031216108627462,0.332736456263236
UGC04499,73.38128952534866,1.5127462155942641,2.66780033873979,0.1946161781012228
UGCA442,57.0394173795316,0.6730187393208467,2.2329184454381465,0.11536580720975066
UGC03205,217.42564372655204,0.5334958074028954,1.2209170915126109,0.07941113227598628
UGC07524,79.55204987087988,1.0549538971802552,3.655821902058309,0.1424368220923302
NGC2915,82.80847921160664,1.5319652739951242,1.697738105133969,0.2238754817519539
NGC2903,199.26828488726636,0.367619553969676,1.2297801615057362,0.05246669864575899
NGC0024,106.84711030993033,1.4374838022207628,1.162017461551576,0.06143526613409045
UGC07603,62.78397593613801,1.2833074510237983,1.1911661480003521,0.08455915282648842
NGC2366,53.39850834716479,0.8554729010907007,2.0820102046370548,0.08871467169089896
NGC3953,222.78103676663366,2.811202211420793,3.1906984029036587,0.2589213664239104
UGC00191,80.92460391898557,0.49081754020257945,1.791173952417036,0.05157174836965402
UGC00128,129.25278192550368,0.26286271174051273,8.27836546864022,0.12563412919034259
UGC06818,87.14338757732286,10.87985551521835,5.249484841325126,1.0495412243281714
UGCA281,30.011059616647795,1.5087062228964192,0.4568859667693115,0.053374862878939014
NGC3992,256.30514668140336,2.2139870848014804,4.152864047151256,1.153141438461147
NGC2998,212.05074214718113,0.9688650683192276,1.7623143800954777,0.19382723890360937
UGC07559,34.12306926053591,3.8082667811416013,1.4164401106924136,0.33995600351650657
UGC04305,34.26089350686879,0.9038473829473159,1.1340766428605835,0.1592033814324874
NGC3109,69.18713813279591,1.5355320674660602,3.4489425932948876,0.14292300904698496
D512-2,nan,nan,nan,nan
UGC02455,74.31192936189238,13.178793371035564,3.9252377618266907,1.0040735882316412
UGC02259,84.96393657359233,0.7882232957395274,1.5070313581737917,0.10589757008975843
ESO116-G012,110.17729119133463,1.037260164154571,2.783689779749864,0.10063106014822261
PGC51017,19.000869055000237,0.8111764335558044,0.003302797952639505,0.0
NGC2403,126.33449847977442,0.10781065939308009,1.708617425745516,0.010704260467011785
NGC5055,197.06187418227725,0.1945019774876084,1.339836106841558,0.07156937531803204
NGC3949,160.17596783078903,4.485787087421103,1.7343376079103292,0.17565400604686413
NGC2955,254.96760416876342,1.528760804257542,1.0706675549178275,0.03726637810342628
NGC0289,173.80280484663984,1.1965692493244882,0.7898145260912097,0.7823313303240234
NGC4100,184.19299311986657,1.2725057326484475,2.7644046500668265,0.19962121296686586
UGC05750,81.75054013261546,8.408948648993391,6.825497831075229,1.1563405293857743
UGC04325,92.23395330363573,1.5137763401127284,1.4396647930821138,0.09017988891216416
NGC5585,87.65805358010336,0.6235394197186197,2.3234728925316253,0.042260788268351376
NGC0055,87.15471999162774,1.3730507239837537,4.56115958679759,0.16364292846444609
NGC4088,173.79424252927782,2.2922158033744267,3.0981135731252163,0.312434166926003
F568-V1,114.46096015410437,4.826603682682267,2.926241775404479,0.3841736916142243
UGC06399,87.87960326253818,3.2877592179913813,3.121229586651035,0.3411501740591883
F583-4,63.19725765601244,1.7979296030745995,2.0010897579984843,0.27366802638115867
UGC07866,31.458829479787827,3.119250607896393,0.9628161698280182,0.26170944756332976
NGC4389,123.91822266646537,16.78528017423934,4.167989120752931,0.9318553903423555
NGC4559,120.45617830941983,0.9673509524245291,3.1766383994963814,0.18168474809366586
UGC11820,82.20588988553557,0.678687503892981,5.847936822952023,0.19228365748463813
NGC6503,116.27553409991926,0.2619177625464911,1.1269927296026843,0.09210780802951328
UGC08699,186.7422999326205,0.6712642415265162,0.2136888836591324,0.10053162319691838
UGC07399,96.13260401714562,1.4055418284648382,1.2837115423027599,0.07338867330977059
NGC3972,130.48923996549567,2.7618290872304163,3.1497523724667027,0.21886759292761912
NGC3917,139.00739066027216,1.5784019325340755,4.289344036844482,0.16797512640482234
F565-V2,86.3319187093175,7.168062937987923,4.788510864068788,1.0087246234309302
NGC0300,93.75465166322346,1.0501582684315292,3.016358292725213,0.10907185230959833
DDO161,67.2189582387329,0.47214495144750157,5.0186069336276145,0.14217137545660247
KK98-251,41.0482476160912,3.041750226128379,2.240844102155876,0.2654727335648622
NGC3741,47.75597503428554,0.9810345434470741,2.159985323768712,0.11456725371673591
F563-V1,29.370831449726694,3.3676108852425686,2.674147608865906,0.9793847995133068
NGC4068,56.75717821914199,17.236547991312264,2.519999139396239,1.0168702969545231
DDO170,61.01656702142219,0.6639897710591128,3.8992749584311253,0.169393380510071
UGC06923,82.58706433838395,4.104372919513847,2.1462282977395124,0.3570587956040213
NGC3893,186.5063982905171,2.6103399592161667,1.705242991902588,0.15481723308385448
ESO079-G014,181.48554657232503,1.6212269391665353,6.863582604329984,0.2393787882539287
NGC6015,154.41488868049558,0.5208599685805648,1.8873813994543838,0.03088397971844849
UGC05414,62.9146300671381,2.8415909638850607,2.2053600251693988,0.2240100306630284
UGC09037,153.27189940754292,1.7911074422009088,5.96721116030241,0.2285118817961462
UGC05005,99.59501139588896,5.499420372601074,8.304626462165865,1.0982463174937631
UGC05918,42.695565502440985,2.3515500842631534,1.5176596745243507,0.26271880909528234
UGC02916,212.5589587870155,0.4005128739778717,0.30794613151808997,0.18226023798823604
UGC08490,78.48425408985455,0.7401430403492764,0.8830355038036344,0.058800911598441245
NGC6789,nan,nan,nan,nan
NGC5033,213.17393720926373,0.6230530948375291,0.37363817726566567,0.20855231697865043
NGC5371,224.64673646133792,0.8138681571318703,0.7589549788644492,0.21104511587168326
UGC06917,105.03830877406658,1.8496015928883733,3.0099040230775995,0.18733649079811973
UGC03580,114.32636964020746,0.37791632361992766,2.299696777921117,0.03312441851862354
NGC3198,151.23767584828516,0.45998768276304586,3.777291819596104,0.06353527184542981
DDO168,59.975772790765774,1.9400653690684095,2.1716945519102726,0.1298797211995275
UGC12632,71.57118649983872,1.1967369400215795,3.039596949389427,0.19522028246696785
NGC3726,160.1415529104732,2.1156972818661326,4.4758873099727845,0.3157608384866471
NGC1003,104.26692750294953,0.44329147329521634,4.020090654183227,0.14222362300050156
UGC07690,58.49316808288974,1.8561315417837794,0.5498778611941781,0.10675435716053416
UGC05716,72.00971272759982,0.42335626056758086,3.3425584274780173,0.06098158402411398
D564-8,25.55883268519231,1.8804378527219563,1.5002179782521812,0.23798711050421972
UGC03546,201.22359279791863,0.3429876099738709,0.00947584202597393,0.0
NGC2976,115.44972007402757,7.892347010796918,2.026226218182477,0.1797208776920987
NGC7331,240.0332923057573,0.6613352423122568,0.9001072606471859,1.9956856466412247
UGC00731,70.80399540458984,1.1144500757768998,2.672098195528756,0.1567357710757014
UGC02953,292.9466438062055,0.1956178585472533,0.5933847626499181,0.010912459083275122
NGC5005,249.3676179854467,4.282803071393557,0.5303877866344441,0.14705542578386344
DDO064,55.048505825350325,6.728051823908666,1.7404594375695266,0.3712232244839119
UGC06787,240.73035748370856,0.28784996484689973,0.1508865885144448,0.046616953059670375
UGCA444,34.78075413912941,1.6848830414767597,1.0974040173507056,0.11549285767191544
CamB,39.02218317997552,24.942338213431466,3.142460682788668,2.267948851065294
D631-7,59.69420212889844,1.906591970105661,3.370938094240302,0.2156885875011498
NGC3877,171.1859680254754,2.310225628866214,3.132958184320899,0.20083909109793754
F568-3,110.24789690162548,4.65897259637835,5.487443026363566,0.3847718552963401
NGC0247,85.82528702236104,0.8175924489701807,2.910359708817793,0.06439655304822621
NGC3521,212.30753251470438,1.8300867489517154,0.7723217460896122,0.04675365807893983
UGC06446,79.9166518260218,1.4280349848766924,1.8832684416072638,0.1568935859562516
